,date,1. open,2. high,3. low,4. close,5. adjusted close,6. volume,7. dividend amount,8. split coefficient
0,2020-04-29,5850.0,5850.0,5850.0,5850.0,5850.0,0.0,0.0,1.0
1,2020-04-28,5850.0,5850.0,5850.0,5850.0,5850.0,0.0,0.0,1.0
2,2020-04-27,5850.0,5850.0,5850.0,5850.0,5850.0,0.0,0.0,1.0
3,2020-04-24,5850.0,5850.0,5850.0,5850.0,5850.0,0.0,0.0,1.0
4,2020-04-22,5850.0,5850.0,5850.0,5850.0,5850.0,0.0,0.0,1.0
5,2020-04-21,5850.0,5850.0,5850.0,5850.0,5850.0,0.0,0.0,1.0
6,2020-04-20,5850.0,5850.0,5850.0,5850.0,5850.0,0.0,0.0,1.0
7,2020-04-17,5850.0,5850.0,5850.0,5850.0,5850.0,0.0,0.0,1.0
8,2020-04-16,5850.0,5850.0,5850.0,5850.0,5850.0,0.0,0.0,1.0
9,2020-04-15,5850.0,5850.0,5850.0,5850.0,5850.0,0.0,0.0,1.0
10,2020-04-14,5850.0,5850.0,5850.0,5850.0,5850.0,0.0,0.0,1.0
11,2020-04-13,5850.0,5850.0,5850.0,5850.0,5850.0,0.0,0.0,1.0
12,2020-04-09,5850.0,5850.0,5850.0,5850.0,5850.0,0.0,0.0,1.0
13,2020-04-08,5850.0,5850.0,5850.0,5850.0,5850.0,0.0,0.0,1.0
14,2020-04-07,5850.0,5850.0,5850.0,5850.0,5850.0,0.0,0.0,1.0
15,2020-04-06,5850.0,5850.0,5850.0,5850.0,5850.0,0.0,0.0,1.0
16,2020-04-03,5850.0,5850.0,5850.0,5850.0,5850.0,0.0,0.0,1.0
17,2020-04-02,5850.0,5850.0,5850.0,5850.0,5850.0,0.0,0.0,1.0
18,2020-04-01,5850.0,5850.0,5850.0,5850.0,5850.0,0.0,0.0,1.0
19,2020-03-31,5850.0,5850.0,5850.0,5850.0,5850.0,0.0,0.0,1.0
20,2020-03-30,5850.0,5850.0,5850.0,5850.0,5850.0,0.0,0.0,1.0
21,2020-03-27,5850.0,5850.0,5850.0,5850.0,5850.0,0.0,0.0,1.0
22,2020-03-26,5850.0,5850.0,5850.0,5850.0,5850.0,0.0,0.0,1.0
23,2020-03-12,5850.0,5850.0,5850.0,5850.0,5850.0,0.0,0.0,1.0
24,2020-03-11,5850.0,5850.0,5850.0,5850.0,5850.0,0.0,0.0,1.0
25,2020-03-10,5850.0,5850.0,5850.0,5850.0,5850.0,0.0,0.0,1.0
26,2020-03-09,5850.0,5850.0,5850.0,5850.0,5850.0,0.0,0.0,1.0
27,2020-03-06,5850.0,5850.0,5850.0,5850.0,5850.0,0.0,0.0,1.0
28,2020-03-05,5850.0,5850.0,5850.0,5850.0,5850.0,0.0,0.0,1.0
29,2020-03-04,5850.0,5850.0,5850.0,5850.0,5850.0,0.0,0.0,1.0
30,2020-03-03,5850.0,5850.0,5850.0,5850.0,5850.0,0.0,0.0,1.0
31,2020-03-02,5850.0,5850.0,5850.0,5850.0,5850.0,0.0,0.0,1.0
32,2020-02-24,5850.0,5850.0,5850.0,5850.0,5850.0,0.0,0.0,1.0
33,2020-02-18,5850.0,5850.0,5850.0,5850.0,5850.0,0.0,0.0,1.0
34,2020-02-12,5850.0,5850.0,5850.0,5850.0,5850.0,0.0,0.0,1.0
35,2020-02-11,5850.0,5850.0,5850.0,5850.0,5850.0,0.0,0.0,1.0
36,2020-02-10,5850.0,5850.0,5850.0,5850.0,5850.0,0.0,0.0,1.0
37,2020-02-07,5850.0,5850.0,5850.0,5850.0,5850.0,0.0,0.0,1.0
38,2020-02-06,5850.0,5850.0,5850.0,5850.0,5850.0,0.0,0.0,1.0
39,2020-02-05,5850.0,5850.0,5850.0,5850.0,5850.0,0.0,0.0,1.0
40,2020-01-29,5850.0,5850.0,5850.0,5850.0,5850.0,0.0,0.0,1.0
41,2020-01-28,5850.0,5850.0,5850.0,5850.0,5850.0,0.0,0.0,1.0
42,2020-01-24,5850.0,5850.0,5850.0,5850.0,5850.0,0.0,0.0,1.0
43,2020-01-22,5850.0,5850.0,5850.0,5850.0,5850.0,0.0,0.0,1.0
44,2020-01-21,5850.0,5850.0,5850.0,5850.0,5850.0,0.0,0.0,1.0
