,date,1. open,2. high,3. low,4. close,5. adjusted close,6. volume,7. dividend amount,8. split coefficient
11,2020-09-30,1.94,2.0302,1.94,2.01,2.01,495554.0,0.0,1.0
12,2020-09-29,2.0,2.07,1.92,2.0,2.0,1189808.0,0.0,1.0
13,2020-09-28,2.03,2.07,1.88,1.94,1.94,2768170.0,0.0,1.0
14,2020-09-25,2.09,2.18,1.92,1.99,1.99,3853117.0,0.0,1.0
15,2020-09-24,2.18,2.64,1.87,2.33,2.33,11798285.0,0.0,1.0
16,2020-09-23,1.75,2.33,1.73,1.98,1.98,9240561.0,0.0,1.0
17,2020-09-22,1.77,1.84,1.72,1.79,1.79,268408.0,0.0,1.0
18,2020-09-21,1.78,1.7963,1.66,1.74,1.74,413437.0,0.0,1.0
19,2020-09-18,1.8,1.85,1.76,1.84,1.84,317758.0,0.0,1.0
20,2020-09-17,1.88,1.91,1.76,1.79,1.79,589119.0,0.0,1.0
21,2020-09-16,1.76,1.9,1.7,1.86,1.86,647383.0,0.0,1.0
22,2020-09-15,1.88,1.97,1.73,1.79,1.79,958031.0,0.0,1.0
23,2020-09-14,1.94,1.9799,1.87,1.88,1.88,837145.0,0.0,1.0
24,2020-09-11,2.22,2.2241,1.91,1.97,1.97,1073377.0,0.0,1.0
25,2020-09-10,2.17,2.4,2.11,2.27,2.27,1729261.0,0.0,1.0
26,2020-09-09,2.01,2.19,1.93,2.18,2.18,1799939.0,0.0,1.0
27,2020-09-08,1.9,2.15,1.82,2.09,2.09,3291831.0,0.0,1.0
28,2020-09-04,2.26,2.35,1.73,1.97,1.97,45999389.0,0.0,1.0
29,2020-09-03,1.65,1.68,1.55,1.55,1.55,408065.0,0.0,1.0
30,2020-09-02,1.71,1.76,1.68,1.7,1.7,218265.0,0.0,1.0
31,2020-09-01,1.87,1.87,1.7,1.74,1.74,454757.0,0.0,1.0
32,2020-08-31,1.68,1.86,1.68,1.83,1.83,599567.0,0.0,1.0
33,2020-08-28,1.66,1.75,1.66,1.73,1.73,222713.0,0.0,1.0
34,2020-08-27,1.79,1.82,1.67,1.71,1.71,315357.0,0.0,1.0
35,2020-08-26,1.81,1.997,1.75,1.82,1.82,1108846.0,0.0,1.0
36,2020-08-25,1.65,1.89,1.6,1.82,1.82,683467.0,0.0,1.0
37,2020-08-24,1.92,1.9299,1.7,1.7,1.7,787212.0,0.0,1.0
38,2020-08-21,1.95,2.0,1.91,1.94,1.94,356248.0,0.0,1.0
39,2020-08-20,2.02,2.05,1.9,2.02,2.02,643705.0,0.0,1.0
40,2020-08-19,2.06,2.12,2.05,2.08,2.08,361254.0,0.0,1.0
41,2020-08-18,2.22,2.22,2.06,2.1,2.1,948355.0,0.0,1.0
42,2020-08-17,2.16,2.33,2.1332,2.24,2.24,2724199.0,0.0,1.0
43,2020-08-14,2.23,2.25,2.11,2.12,2.12,810897.0,0.0,1.0
44,2020-08-13,2.17,2.23,2.15,2.2,2.2,444641.0,0.0,1.0
45,2020-08-12,2.26,2.3188,2.12,2.23,2.23,698846.0,0.0,1.0
46,2020-08-11,2.41,2.425,2.23,2.26,2.26,1022240.0,0.0,1.0
47,2020-08-10,2.45,2.52,2.4,2.45,2.45,1067055.0,0.0,1.0
48,2020-08-07,2.39,2.6,2.39,2.56,2.56,807513.0,0.0,1.0
49,2020-08-06,2.66,2.75,2.52,2.57,2.57,1859005.0,0.0,1.0
50,2020-08-05,2.73,2.86,2.68,2.79,2.79,1944109.0,0.0,1.0
51,2020-08-04,2.69,2.99,2.68,2.91,2.91,3531459.0,0.0,1.0
52,2020-08-03,3.15,3.17,2.66,2.74,2.74,7375892.0,0.0,1.0
53,2020-07-31,2.65,3.17,2.54,2.81,2.81,6780504.0,0.0,1.0
54,2020-07-30,2.44,2.73,2.39,2.68,2.68,4067773.0,0.0,1.0
55,2020-07-29,2.46,2.56,2.27,2.49,2.49,3305026.0,0.0,1.0
56,2020-07-28,2.75,2.75,2.4279,2.45,2.45,3318095.0,0.0,1.0
57,2020-07-27,2.65,2.85,2.6,2.63,2.63,3193459.0,0.0,1.0
58,2020-07-24,2.77,3.1,2.63,2.92,2.92,7259465.0,0.0,1.0
59,2020-07-23,2.82,2.91,2.66,2.71,2.71,1612239.0,0.0,1.0
60,2020-07-22,3.0,3.0,2.57,2.74,2.74,5213080.0,0.0,1.0
61,2020-07-21,2.9,3.16,2.72,3.04,3.04,2997677.0,0.0,1.0
62,2020-07-20,4.89,5.24,2.9,2.97,2.97,77529003.0,0.0,1.0
63,2020-07-17,2.24,2.24,2.04,2.06,2.06,252748.0,0.0,1.0
64,2020-07-16,2.07,2.18,2.06,2.08,2.08,191013.0,0.0,1.0
65,2020-07-15,2.04,2.22,2.02,2.11,2.11,299049.0,0.0,1.0
66,2020-07-14,2.12,2.19,2.02,2.03,2.03,351549.0,0.0,1.0
67,2020-07-13,2.19,2.33,2.05,2.12,2.12,1092918.0,0.0,1.0
68,2020-07-10,2.0,2.17,2.0,2.08,2.08,251412.0,0.0,1.0
69,2020-07-09,2.1,2.13,1.92,2.05,2.05,306712.0,0.0,1.0
70,2020-07-08,2.19,2.28,2.1,2.13,2.13,525939.0,0.0,1.0
71,2020-07-07,2.21,2.26,2.18,2.2,2.2,299381.0,0.0,1.0
72,2020-07-06,2.31,2.31,2.21,2.29,2.29,230044.0,0.0,1.0
73,2020-07-02,2.3,2.3,2.21,2.24,2.24,338189.0,0.0,1.0
74,2020-07-01,2.35,2.4,2.2,2.2,2.2,498347.0,0.0,1.0
75,2020-06-30,2.35,2.75,2.32,2.45,2.45,1064842.0,0.0,1.0
76,2020-06-29,2.18,2.48,2.17,2.3,2.3,520102.0,0.0,1.0
77,2020-06-26,2.21,2.33,2.11,2.23,2.23,518860.0,0.0,1.0
78,2020-06-25,2.12,2.26,2.06,2.21,2.21,524843.0,0.0,1.0
79,2020-06-24,2.32,2.37,2.1251,2.19,2.19,807076.0,0.0,1.0
80,2020-06-23,2.5,2.55,2.32,2.4,2.4,334109.0,0.0,1.0
81,2020-06-22,2.45,2.49,2.26,2.46,2.46,913273.0,0.0,1.0
82,2020-06-19,2.7,2.72,2.47,2.52,2.52,420156.0,0.0,1.0
83,2020-06-18,2.6,2.82,2.51,2.65,2.65,869249.0,0.0,1.0
84,2020-06-17,2.88,2.88,2.6,2.69,2.69,528853.0,0.0,1.0
85,2020-06-16,3.15,3.15,2.83,2.85,2.85,677615.0,0.0,1.0
86,2020-06-15,2.81,3.12,2.8,3.04,3.04,739986.0,0.0,1.0
87,2020-06-12,3.32,3.4,2.78,3.02,3.02,2189886.0,0.0,1.0
88,2020-06-11,2.5,2.73,2.36,2.65,2.65,3409889.0,0.0,1.0
89,2020-06-10,4.72,6.55,2.77,3.05,3.05,125956921.0,0.0,1.0
90,2020-06-09,1.47,1.47,1.34,1.42,1.42,275333.0,0.0,1.0
91,2020-06-08,1.36,1.46,1.32,1.42,1.42,421997.0,0.0,1.0
92,2020-06-05,1.39,1.4022,1.28,1.32,1.32,876339.0,0.0,1.0
93,2020-06-04,1.25,1.67,1.25,1.49,1.49,4520260.0,0.0,1.0
94,2020-06-03,1.27,1.35,1.18,1.25,1.25,1439898.0,0.0,1.0
95,2020-06-02,1.35,1.41,1.21,1.3,1.3,2034422.0,0.0,1.0
96,2020-06-01,1.06,1.38,1.06,1.29,1.29,3708695.0,0.0,1.0
97,2020-05-29,1.06,1.1,1.03,1.06,1.06,272710.0,0.0,1.0
98,2020-05-28,1.07,1.18,1.04,1.07,1.07,959577.0,0.0,1.0
99,2020-05-27,1.05,1.07,1.03,1.05,1.05,163475.0,0.0,1.0
100,2020-05-26,1.06,1.0994,1.04,1.06,1.06,119229.0,0.0,1.0
101,2020-05-22,1.05,1.07,1.0001,1.05,1.05,124745.0,0.0,1.0
102,2020-05-21,1.1,1.1049,1.0399,1.06,1.06,362782.0,0.0,1.0
103,2020-05-20,1.08,1.154,1.07,1.1,1.1,235213.0,0.0,1.0
104,2020-05-19,1.14,1.15,1.06,1.1,1.1,93611.0,0.0,1.0
105,2020-05-18,1.08,1.14,1.08,1.12,1.12,283618.0,0.0,1.0
106,2020-05-15,1.06,1.08,1.0,1.05,1.05,304559.0,0.0,1.0
107,2020-05-14,1.04,1.1543,0.965,1.05,1.05,1002185.0,0.0,1.0
108,2020-05-13,1.13,1.16,0.9616,1.02,1.02,871089.0,0.0,1.0
109,2020-05-12,1.18,1.2038,1.13,1.15,1.15,374043.0,0.0,1.0
110,2020-05-11,1.2,1.25,1.17,1.17,1.17,500436.0,0.0,1.0
111,2020-05-08,1.23,1.44,1.21,1.29,1.29,1717925.0,0.0,1.0
112,2020-05-07,1.2,1.47,1.12,1.25,1.25,1485955.0,0.0,1.0
113,2020-05-06,1.09,1.265,1.08,1.16,1.16,900464.0,0.0,1.0
114,2020-05-05,1.16,1.17,1.07,1.1,1.1,250716.0,0.0,1.0
115,2020-05-04,1.13,1.19,1.08,1.14,1.14,151618.0,0.0,1.0
116,2020-05-01,1.15,1.18,1.06,1.1,1.1,317954.0,0.0,1.0
117,2020-04-30,1.29,1.31,1.2,1.23,1.23,315588.0,0.0,1.0
118,2020-04-29,1.23,1.36,1.22,1.24,1.24,930243.0,0.0,1.0
119,2020-04-28,1.18,1.27,1.18,1.2,1.2,275432.0,0.0,1.0
120,2020-04-27,1.21,1.23,1.15,1.2,1.2,205622.0,0.0,1.0
121,2020-04-24,1.24,1.24,1.08,1.21,1.21,373993.0,0.0,1.0
122,2020-04-23,1.1,1.455,1.08,1.25,1.25,1330943.0,0.0,1.0
123,2020-04-22,1.08,1.13,1.02,1.12,1.12,292318.0,0.0,1.0
124,2020-04-21,1.11,1.18,1.02,1.1,1.1,483916.0,0.0,1.0
125,2020-04-20,1.12,1.23,1.08,1.12,1.12,684091.0,0.0,1.0
126,2020-04-17,1.16,1.16,1.11,1.13,1.13,172006.0,0.0,1.0
127,2020-04-16,1.19,1.1901,1.09,1.15,1.15,245929.0,0.0,1.0
128,2020-04-15,1.09,1.19,1.04,1.18,1.18,506485.0,0.0,1.0
129,2020-04-14,1.08,1.11,1.02,1.11,1.11,337012.0,0.0,1.0
130,2020-04-13,1.13,1.14,1.01,1.06,1.06,639438.0,0.0,1.0
131,2020-04-09,1.18,1.21,1.13,1.13,1.13,1073604.0,0.0,1.0
132,2020-04-08,1.26,1.3,1.11,1.24,1.24,3327648.0,0.0,1.0
133,2020-04-07,1.28,1.95,1.11,1.54,1.54,54366727.0,0.0,1.0
134,2020-04-06,0.744,0.8126,0.73,0.8,0.8,178879.0,0.0,1.0
135,2020-04-03,0.7909,0.8,0.72,0.73,0.73,151694.0,0.0,1.0
136,2020-04-02,0.71,0.86,0.71,0.8,0.8,398581.0,0.0,1.0
137,2020-04-01,1.1,1.1,0.78,0.8514,0.8514,2548454.0,0.0,1.0
138,2020-03-31,0.7,0.754,0.6901,0.7023,0.7023,58943.0,0.0,1.0
139,2020-03-30,0.7498,0.7498,0.65,0.7021,0.7021,69900.0,0.0,1.0
140,2020-03-27,0.82,0.85,0.7,0.75,0.75,167482.0,0.0,1.0
141,2020-03-26,0.7382,0.85,0.71,0.81,0.81,189120.0,0.0,1.0
142,2020-03-25,0.6965,0.72,0.66,0.7031,0.7031,103532.0,0.0,1.0
143,2020-03-24,0.615,0.7,0.53,0.6634,0.6634,199489.0,0.0,1.0
144,2020-03-23,0.7455,0.749,0.55,0.6351,0.6351,165060.0,0.0,1.0
145,2020-03-20,0.7326,0.75,0.68,0.71,0.71,123933.0,0.0,1.0
146,2020-03-19,0.63,0.7418,0.63,0.6935,0.6935,80893.0,0.0,1.0
147,2020-03-18,0.75,0.76,0.6,0.6267,0.6267,175824.0,0.0,1.0
148,2020-03-17,0.82,0.8557,0.82,0.8201,0.8201,60136.0,0.0,1.0
149,2020-03-16,0.82,0.86,0.75,0.815,0.815,110011.0,0.0,1.0
150,2020-03-13,0.92,1.07,0.86,0.9,0.9,70048.0,0.0,1.0
151,2020-03-12,0.9,0.95,0.8,0.86,0.86,192576.0,0.0,1.0
152,2020-03-11,1.01,1.03,0.9702,1.02,1.02,67172.0,0.0,1.0
153,2020-03-10,1.05,1.07,1.0101,1.02,1.02,152382.0,0.0,1.0
154,2020-03-09,1.08,1.08,0.9,1.035,1.035,275745.0,0.0,1.0
155,2020-03-06,1.14,1.18,1.1,1.13,1.13,191742.0,0.0,1.0
156,2020-03-05,1.34,1.36,1.14,1.209,1.209,594940.0,0.0,1.0
157,2020-03-04,1.2,1.3,1.17,1.29,1.29,157199.0,0.0,1.0
158,2020-03-03,1.11,1.235,1.08,1.19,1.19,326253.0,0.0,1.0
159,2020-03-02,1.13,1.18,1.0,1.06,1.06,332336.0,0.0,1.0
160,2020-02-28,1.17,1.17,1.08,1.08,1.08,222571.0,0.0,1.0
161,2020-02-27,1.34,1.37,1.1,1.17,1.17,437483.0,0.0,1.0
162,2020-02-26,1.58,1.62,1.34,1.34,1.34,517007.0,0.0,1.0
163,2020-02-25,1.68,1.75,1.56,1.56,1.56,245003.0,0.0,1.0
164,2020-02-24,1.55,1.84,1.55,1.76,1.76,598750.0,0.0,1.0
165,2020-02-21,2.28,2.34,1.75,1.77,1.77,10243289.0,0.0,1.0
166,2020-02-20,1.53,1.5715,1.52,1.54,1.54,98205.0,0.0,1.0
167,2020-02-19,1.52,1.67,1.51,1.5351,1.5351,246467.0,0.0,1.0
168,2020-02-18,1.54,1.63,1.5,1.55,1.55,106123.0,0.0,1.0
169,2020-02-14,1.59,1.64,1.54,1.58,1.58,154634.0,0.0,1.0
170,2020-02-13,1.5,1.7,1.45,1.6,1.6,517366.0,0.0,1.0
171,2020-02-12,1.48,1.62,1.42,1.54,1.54,460679.0,0.0,1.0
172,2020-02-11,1.4,1.53,1.38,1.41,1.41,380550.0,0.0,1.0
173,2020-02-10,1.3,1.66,1.3,1.44,1.44,646127.0,0.0,1.0
174,2020-02-07,1.4,1.4456,1.3,1.3,1.3,177218.0,0.0,1.0
175,2020-02-06,1.55,1.55,1.36,1.43,1.43,323682.0,0.0,1.0
176,2020-02-05,1.43,1.55,1.42,1.55,1.55,569721.0,0.0,1.0
177,2020-02-04,1.42,1.49,1.4,1.45,1.45,126350.0,0.0,1.0
178,2020-02-03,1.47,1.54,1.41,1.49,1.49,180245.0,0.0,1.0
179,2020-01-31,1.57,1.63,1.47,1.54,1.54,203497.0,0.0,1.0
180,2020-01-30,1.47,1.65,1.45,1.628,1.628,347532.0,0.0,1.0
181,2020-01-29,1.66,1.75,1.48,1.53,1.53,843851.0,0.0,1.0
182,2020-01-28,1.51,1.68,1.45,1.61,1.61,1357182.0,0.0,1.0
183,2020-01-27,1.42,1.58,1.4,1.46,1.46,505282.0,0.0,1.0
184,2020-01-24,1.37,1.55,1.37,1.55,1.55,273572.0,0.0,1.0
185,2020-01-23,1.38,1.42,1.3,1.42,1.42,151266.0,0.0,1.0
186,2020-01-22,1.39,1.48,1.39,1.43,1.43,170957.0,0.0,1.0
187,2020-01-21,1.42,1.47,1.38,1.41,1.41,286991.0,0.0,1.0
188,2020-01-17,1.47,1.52,1.41,1.45,1.45,298621.0,0.0,1.0
189,2020-01-16,1.39,1.5,1.35,1.46,1.46,788456.0,0.0,1.0
190,2020-01-15,1.39,1.46,1.37,1.39,1.39,289436.0,0.0,1.0
191,2020-01-14,1.41,1.65,1.35,1.44,1.44,576474.0,0.0,1.0
192,2020-01-13,1.5,1.5,1.31,1.34,1.34,326025.0,0.0,1.0
193,2020-01-10,1.55,1.55,1.46,1.5,1.5,226150.0,0.0,1.0
194,2020-01-09,1.51,1.6,1.4,1.52,1.52,530990.0,0.0,1.0
195,2020-01-08,1.7,1.7497,1.51,1.64,1.64,804471.0,0.0,1.0
196,2020-01-07,1.68,2.3,1.64,1.9,1.9,2586708.0,0.0,1.0
197,2020-01-06,1.52,1.64,1.46,1.56,1.56,479169.0,0.0,1.0
198,2020-01-03,1.57,1.84,1.45,1.52,1.52,1446004.0,0.0,1.0
199,2020-01-02,1.34,2.48,1.31,2.3996,2.3996,1913367.0,0.0,1.0
