,date,1. open,2. high,3. low,4. close,5. adjusted close,6. volume,7. dividend amount,8. split coefficient
11,2020-09-30,73.44,74.29,72.4,72.88,72.88,594748.0,0.0,1.0
12,2020-09-29,73.54,73.9,72.45,72.87,72.87,410318.0,0.0,1.0
13,2020-09-28,71.71,72.62,71.61,72.06,72.06,271899.0,0.0,1.0
14,2020-09-25,68.92,69.67,68.49,69.12,69.12,422455.0,0.0,1.0
15,2020-09-24,69.42,70.3,68.77,69.36,69.36,365259.0,0.0,1.0
16,2020-09-23,71.7,72.085,70.08,70.13,70.13,343268.0,0.0,1.0
17,2020-09-22,72.12,72.44,71.02,71.63,71.63,355878.0,0.0,1.0
18,2020-09-21,71.32,71.43,69.78,71.3,71.3,409143.0,0.0,1.0
19,2020-09-18,75.29,75.54,72.78,73.15,73.15,947316.0,0.0,1.0
20,2020-09-17,75.45,75.485,74.32,74.66,74.66,591171.0,0.0,1.0
21,2020-09-16,77.72,77.75,75.42,75.71,75.71,581384.0,0.0,1.0
22,2020-09-15,79.17,79.23,77.84,77.84,77.84,343275.0,0.0,1.0
23,2020-09-14,77.98,79.37,77.82,79.0,79.0,457047.0,0.0,1.0
24,2020-09-11,77.5,78.32,77.06,78.22,78.22,350845.0,0.0,1.0
25,2020-09-10,80.47,80.82,77.67,77.82,77.82,494558.0,0.0,1.0
26,2020-09-09,78.11,78.74,78.0499,78.48,78.48,286511.0,0.0,1.0
27,2020-09-08,77.44,79.39,76.73,77.53,77.53,469476.0,0.0,1.0
28,2020-09-04,78.54,79.25,76.43,77.83,77.83,341191.0,0.0,1.0
29,2020-09-03,78.71,79.04,76.42,76.86,76.86,764872.0,0.0,1.0
30,2020-09-02,79.4,80.12,78.68,79.85,79.85,405171.0,0.0,1.0
31,2020-09-01,78.0,79.0,77.59,78.48,78.48,389886.0,0.0,1.0
32,2020-08-31,80.18,80.24,77.62,78.34,78.34,678344.0,0.0,1.0
33,2020-08-28,78.3,79.4,78.3,79.07,79.07,469158.0,0.0,1.0
34,2020-08-27,79.07,79.18,77.22,77.46,77.46,740734.0,0.0,1.0
35,2020-08-26,75.01,76.26,74.66,75.69,75.69,704232.0,0.0,1.0
36,2020-08-25,74.42,74.6,72.07,72.61,72.61,611434.0,0.0,1.0
37,2020-08-24,70.28,70.97,69.89,70.87,70.87,169345.0,0.0,1.0
38,2020-08-21,68.9,69.54,68.66,69.3,69.3,154500.0,0.0,1.0
39,2020-08-20,69.43,70.17,69.19,69.84,69.84,317584.0,0.0,1.0
40,2020-08-19,71.8,71.95,70.81,71.07,71.07,182018.0,0.0,1.0
41,2020-08-18,72.62,72.8,71.61,71.9,71.9,260369.0,0.0,1.0
42,2020-08-17,72.71,72.93,71.98,72.32,72.32,210371.0,0.0,1.0
43,2020-08-14,71.69,72.58,71.59,72.25,72.25,254674.0,0.0,1.0
44,2020-08-13,72.49,73.11,72.4,72.62,72.62,373238.0,0.0,1.0
45,2020-08-12,73.01,73.225,71.93,72.37,72.37,368069.0,0.0,1.0
46,2020-08-11,72.11,73.05,70.59,70.91,70.91,659434.0,0.0,1.0
47,2020-08-10,67.94,69.74,67.94,69.62,69.62,283670.0,0.0,1.0
48,2020-08-07,67.13,67.67,66.49,67.42,67.42,286719.0,0.0,1.0
49,2020-08-06,68.02,68.44,67.545,68.28,68.28,317456.0,0.0,1.0
50,2020-08-05,67.99,69.06,67.915,68.94,68.94,295776.0,0.0,1.0
51,2020-08-04,67.05,67.87,66.935,67.85,67.85,410246.0,0.0,1.0
52,2020-08-03,66.3,67.34,66.09,67.13,67.13,323539.0,0.0,1.0
53,2020-07-31,66.83,66.93,64.37,65.03,65.03,480103.0,0.0,1.0
54,2020-07-30,66.79,67.87,66.56,66.97,66.97,534692.0,0.0,1.0
55,2020-07-29,68.46,69.03,68.085,68.89,68.89,490340.0,0.0,1.0
56,2020-07-28,69.26,69.6,68.75,69.02,69.02,529246.0,0.0,1.0
57,2020-07-27,68.68,70.175,68.67,70.12,70.12,279203.0,0.0,1.0
58,2020-07-24,68.28,69.09,67.79,68.49,68.49,279454.0,0.0,1.0
59,2020-07-23,68.0,69.36,67.62,68.82,68.82,511178.0,0.0,1.0
60,2020-07-22,65.93,67.53,65.93,67.48,67.48,542139.0,0.0,1.0
61,2020-07-21,66.44,66.99,65.73,66.08,66.08,423269.0,0.0,1.0
62,2020-07-20,64.56,65.95,64.38,65.69,65.69,500579.0,0.0,1.0
63,2020-07-17,65.76,66.48,63.71,64.51,64.51,1215500.0,0.0,1.0
64,2020-07-16,66.99,69.04,66.96,68.07,68.07,786500.0,0.0,1.0
65,2020-07-15,67.59,68.08,66.19,67.73,67.73,679200.0,0.0,1.0
66,2020-07-14,65.67,66.95,65.41,66.64,66.64,601500.0,0.0,1.0
67,2020-07-13,66.58,67.07,65.12,65.33,65.33,419400.0,0.0,1.0
68,2020-07-10,65.24,65.58,64.2,65.54,65.54,568400.0,0.0,1.0
69,2020-07-09,64.89,64.92,62.82,63.3,63.3,500600.0,0.0,1.0
70,2020-07-08,64.85,65.41,63.35,64.16,64.16,330200.0,0.0,1.0
71,2020-07-07,65.76,65.92,64.48,64.54,64.54,316300.0,0.0,1.0
72,2020-07-06,65.95,66.91,65.54,66.48,66.48,390600.0,0.0,1.0
73,2020-07-02,64.47,65.63,63.8,65.26,65.26,581800.0,0.0,1.0
74,2020-07-01,63.58,64.17,62.18,62.59,62.59,733000.0,0.0,1.0
75,2020-06-30,63.53,64.77,63.12,64.51,64.51,494600.0,0.0,1.0
76,2020-06-29,63.54,64.55,62.83,64.02,64.02,312600.0,0.0,1.0
77,2020-06-26,64.21,64.63,62.43,62.56,62.56,603703.0,0.0,1.0
78,2020-06-25,63.11,64.0,62.25,63.68,63.68,678769.0,0.0,1.0
79,2020-06-24,65.24,65.5,62.655,62.88,62.88,502492.0,0.0,1.0
80,2020-06-23,66.71,66.74,65.16,65.35,65.35,613898.0,0.0,1.0
81,2020-06-22,64.33,64.68,63.18,63.5,63.5,582688.0,0.0,1.0
82,2020-06-19,64.2,64.92,62.63,63.1,63.1,1317291.0,0.0,1.0
83,2020-06-18,63.29,64.37,62.46,62.83,62.83,411488.0,0.0,1.0
84,2020-06-17,65.38,65.57,63.54,63.96,63.96,341377.0,0.0,1.0
85,2020-06-16,65.87,66.11,63.72,64.14,64.14,396558.0,0.0,1.0
86,2020-06-15,61.28,64.62,60.6,63.84,63.84,393775.0,0.0,1.0
87,2020-06-12,64.48,64.68,61.565,63.14,63.14,492891.0,0.0,1.0
88,2020-06-11,64.24,64.815,61.065,61.17,61.17,519096.0,0.0,1.0
89,2020-06-10,66.85,68.05,66.02,66.51,66.51,424428.0,0.0,1.0
90,2020-06-09,68.5,69.48,67.64,67.67,67.67,729643.0,0.0,1.0
91,2020-06-08,70.76,71.23,69.51,70.79,70.79,713408.0,0.0,1.0
92,2020-06-05,70.86,71.56,69.26,69.9,69.9,599173.0,0.0,1.0
93,2020-06-04,68.83,69.425,68.065,68.51,68.51,516431.0,0.0,1.0
94,2020-06-03,69.75,70.77,69.36,69.96,69.96,603184.0,0.0,1.0
95,2020-06-02,66.67,67.68,66.52,67.21,67.21,439604.0,0.0,1.0
96,2020-06-01,64.63,65.57,64.24,65.12,65.12,434627.0,0.0,1.0
97,2020-05-29,62.91,64.0,61.72,63.58,63.58,663506.0,0.0,1.0
98,2020-05-28,66.14,66.18,63.54,64.12,64.12,518181.0,0.0,1.0
99,2020-05-27,68.07,68.77,66.5929,66.92,66.92,641974.0,0.0,1.0
100,2020-05-26,66.64,67.28,65.85,66.09,66.09,502525.0,0.0,1.0
101,2020-05-22,64.14,64.14,62.81,63.95,63.95,246586.0,0.0,1.0
102,2020-05-21,64.14,64.96,63.37,63.9,63.9,355850.0,0.0,1.0
103,2020-05-20,63.96,65.0,63.78,64.02,64.02,294887.0,0.0,1.0
104,2020-05-19,62.32,64.47,62.2,63.4,63.4,565822.0,0.0,1.0
105,2020-05-18,60.32,62.7,60.23,62.26,62.26,378404.0,0.0,1.0
106,2020-05-15,56.72,58.29,56.1,57.79,57.79,492522.0,0.0,1.0
107,2020-05-14,53.92,57.57,52.93,57.4,57.4,501862.0,0.0,1.0
108,2020-05-13,57.83,57.89,54.31,55.6,55.6,732167.0,0.0,1.0
109,2020-05-12,61.04,61.44,58.82,58.85,58.85,324511.0,0.0,1.0
110,2020-05-11,60.29,60.83,59.56,60.5,60.5,472143.0,0.0,1.0
111,2020-05-08,59.76,61.79,59.76,61.14,61.14,441666.0,0.0,1.0
112,2020-05-07,58.85,59.56,57.81,57.97,57.97,430011.0,0.0,1.0
113,2020-05-06,58.76,59.28,57.51,58.3,58.3,565960.0,0.0,1.0
114,2020-05-05,57.3,58.71,57.155,57.37,57.37,656304.0,0.0,1.0
115,2020-05-04,56.95,57.9,56.09,56.28,56.28,784446.0,0.0,1.0
116,2020-05-01,58.46,59.605,56.94,58.18,58.18,426035.0,0.0,1.0
117,2020-04-30,61.16,61.16,59.21,60.02,60.02,529524.0,0.0,1.0
118,2020-04-29,60.89,62.54,60.72,61.89,61.89,811834.0,0.0,1.0
119,2020-04-28,61.65,62.42,58.63,58.84,58.84,1459259.0,0.0,1.0
120,2020-04-27,60.84,62.71,60.52,62.27,62.27,1057791.0,0.0,1.0
121,2020-04-24,60.53,61.4,58.805,60.75,60.75,1112588.0,0.0,1.0
122,2020-04-23,54.65,57.18,54.645,56.6,56.6,1129513.0,0.0,1.0
123,2020-04-22,54.96,55.36,53.875,54.72,54.72,406608.0,0.0,1.0
124,2020-04-21,54.43,55.76,54.1,54.46,54.46,665977.0,0.0,1.0
125,2020-04-20,53.67,56.44,53.16,55.42,55.42,894010.0,0.0,1.0
126,2020-04-17,55.35,56.47,55.13,56.25,56.25,491130.0,0.0,1.0
127,2020-04-16,53.11,53.26,51.71,52.39,52.39,557506.0,0.0,1.0
128,2020-04-15,53.25,54.26,52.2,54.13,54.13,522383.0,0.0,1.0
129,2020-04-14,55.78,56.61,54.83,55.61,55.61,1414012.0,0.0,1.0
130,2020-04-13,57.54,57.54,54.63,56.07,56.07,733167.0,0.0,1.0
131,2020-04-09,55.65,58.06,54.93,57.66,57.66,886023.0,0.0,1.0
132,2020-04-08,51.47,54.5,51.14,54.42,54.42,842022.0,0.0,1.0
133,2020-04-07,51.14,52.32,49.21,49.84,49.84,1234079.0,0.0,1.0
134,2020-04-06,43.82,47.85,43.615,47.56,47.56,1342335.0,0.0,1.0
135,2020-04-03,42.05,42.43,39.83,40.47,40.47,915774.0,0.0,1.0
136,2020-04-02,42.2,43.8,40.97,42.06,42.06,850787.0,0.0,1.0
137,2020-04-01,44.71,45.88,42.81,43.34,43.34,606325.0,0.0,1.0
138,2020-03-31,47.02,48.28,45.93,46.01,46.01,912396.0,0.0,1.0
139,2020-03-30,46.99,47.3,46.08,46.72,46.72,809898.0,0.0,1.0
140,2020-03-27,47.3,48.21,46.08,47.14,47.14,497251.0,0.0,1.0
141,2020-03-26,49.17,50.42,48.77,49.84,49.84,767653.0,0.0,1.0
142,2020-03-25,47.58,50.23,44.88,48.8,48.8,1029895.0,0.0,1.0
143,2020-03-24,44.55,47.33,44.16,45.96,45.96,1384062.0,0.0,1.0
144,2020-03-23,40.07,42.0,38.675,40.41,40.41,965237.0,0.0,1.0
145,2020-03-20,43.47,44.36,39.34,40.18,40.18,1488963.0,0.0,1.0
146,2020-03-19,38.17,42.855,38.16,41.93,41.93,1253587.0,0.0,1.0
147,2020-03-18,45.63,45.63,40.87,41.82,41.82,889378.0,0.0,1.0
148,2020-03-17,46.76,48.875,45.92,48.03,48.03,1304500.0,0.0,1.0
149,2020-03-16,47.52,50.05,46.31,47.36,47.36,1465349.0,0.0,1.0
150,2020-03-13,59.31,59.31,53.74,56.73,56.73,854189.0,0.0,1.0
151,2020-03-12,55.43,56.04,52.79,53.58,53.58,1147828.0,0.0,1.0
152,2020-03-11,62.22,63.24,59.92,61.06,61.06,997710.0,0.0,1.0
153,2020-03-10,60.68,62.68,59.39,62.59,62.59,722442.0,0.0,1.0
154,2020-03-09,58.58,60.4,57.54,57.71,57.71,835405.0,0.0,1.0
155,2020-03-06,62.17,63.22,61.73,62.68,62.68,1207578.0,0.0,1.0
156,2020-03-05,64.44,65.08,62.75,63.2,63.2,745009.0,0.0,1.0
157,2020-03-04,66.91,67.3,65.47,67.25,67.25,486037.0,0.0,1.0
158,2020-03-03,67.53,68.64,65.64,66.45,66.45,1002959.0,0.0,1.0
159,2020-03-02,66.63,67.43,64.87,67.37,67.37,1077510.0,0.0,1.0
160,2020-02-28,66.19,67.915,65.4,66.73,66.73,1149330.0,0.0,1.0
161,2020-02-27,68.52,69.95,67.51,67.51,67.51,545732.0,0.0,1.0
162,2020-02-26,69.98,70.69,69.07,69.63,69.63,666878.0,0.0,1.0
163,2020-02-25,70.15,70.43,68.47,68.75,68.75,698338.0,0.0,1.0
164,2020-02-24,69.36,70.885,69.06,70.14,70.14,842097.0,0.0,1.0
165,2020-02-21,74.63,74.76,73.27,73.57,73.57,524594.0,0.0,1.0
166,2020-02-20,75.96,76.23,74.91,75.22,75.22,579537.0,0.0,1.0
167,2020-02-19,76.19,77.0,75.67,76.63,76.63,714830.0,0.62,1.0
168,2020-02-18,76.78,77.48,76.22,77.37,76.749,296098.0,0.0,1.0
169,2020-02-14,78.47,78.62,76.43,77.26,76.6399,327740.0,0.0,1.0
170,2020-02-13,77.61,79.25,77.47,79.0,78.366,581158.0,0.0,1.0
171,2020-02-12,77.61,79.05,77.61,78.73,78.0981,475722.0,0.0,1.0
172,2020-02-11,74.98,76.32,74.69,75.87,75.2611,303255.0,0.0,1.0
173,2020-02-10,75.0,75.54,74.54,74.62,74.0211,297318.0,0.0,1.0
174,2020-02-07,75.83,76.03,75.15,75.16,74.5568,273086.0,0.0,1.0
175,2020-02-06,79.16,79.25,76.84,76.93,76.3126,288575.0,0.0,1.0
176,2020-02-05,79.31,79.69,78.53,79.13,78.4949,356469.0,0.0,1.0
177,2020-02-04,77.89,78.11,77.41,77.58,76.9574,323531.0,0.0,1.0
178,2020-02-03,76.34,77.52,76.08,76.19,75.5785,352171.0,0.0,1.0
179,2020-01-31,77.44,77.48,76.4,76.63,76.015,629074.0,0.0,1.0
180,2020-01-30,77.27,78.25,77.14,78.23,77.6021,447815.0,0.0,1.0
181,2020-01-29,79.07,79.76,77.99,78.13,77.5029,772460.0,0.0,1.0
182,2020-01-28,77.19,78.9994,76.57,78.24,77.6121,1837960.0,0.0,1.0
183,2020-01-27,75.36,75.43,74.105,74.27,73.6739,1094442.0,0.0,1.0
184,2020-01-24,78.62,78.8,76.62,77.35,76.7292,567931.0,0.0,1.0
185,2020-01-23,79.38,79.75,77.79,79.64,79.0008,386964.0,0.0,1.0
186,2020-01-22,79.06,80.67,79.06,79.78,79.1397,545024.0,0.0,1.0
187,2020-01-21,80.29,80.55,78.885,79.72,79.0802,1083939.0,0.0,1.0
188,2020-01-17,81.29,81.77,80.995,81.24,80.588,817198.0,0.0,1.0
189,2020-01-16,79.6,81.72,79.49,81.69,81.0344,633712.0,0.0,1.0
190,2020-01-15,79.34,80.3,79.34,79.74,79.1,630862.0,0.0,1.0
191,2020-01-14,78.47,80.26,78.47,79.44,78.8024,1576720.0,0.0,1.0
192,2020-01-13,78.45,79.24,78.09,78.34,77.7113,1084954.0,0.0,1.0
193,2020-01-10,80.19,80.49,79.21,79.29,78.6536,859097.0,0.0,1.0
194,2020-01-09,82.21,82.37,80.79,80.97,80.3201,420180.0,0.0,1.0
195,2020-01-08,81.39,82.61,80.98,82.08,81.4212,428800.0,0.0,1.0
196,2020-01-07,81.81,82.33,81.53,81.99,81.332,323760.0,0.0,1.0
197,2020-01-06,82.17,82.68,81.03,82.05,81.3915,247057.0,0.0,1.0
198,2020-01-03,83.8,84.17,83.17,83.34,82.6711,280911.0,0.0,1.0
199,2020-01-02,85.62,85.75,84.98,85.75,85.0618,328985.0,0.0,1.0
