,date,1. open,2. high,3. low,4. close,5. adjusted close,6. volume,7. dividend amount,8. split coefficient
11,2020-09-30,42.91,43.5,41.6,41.98,41.98,1127625.0,0.0,1.0
12,2020-09-29,43.09,43.09,41.67,42.82,42.82,705482.0,0.0,1.0
13,2020-09-28,43.62,43.81,42.64,43.26,43.26,781531.0,0.0,1.0
14,2020-09-25,41.79,42.95,41.61,42.0,42.0,1096773.0,0.0,1.0
15,2020-09-24,41.7,43.1205,39.77,42.32,42.32,1522639.0,0.0,1.0
16,2020-09-23,43.83,44.95,41.9,41.97,41.97,1026716.0,0.0,1.0
17,2020-09-22,45.97,46.7,43.22,43.64,43.64,1044792.0,0.0,1.0
18,2020-09-21,44.65,45.22,43.7,45.1,45.1,1271868.0,0.0,1.0
19,2020-09-18,47.48,48.2,46.35,46.37,46.37,1618772.0,0.0,1.0
20,2020-09-17,45.51,47.66,45.51,47.5,47.5,773953.0,0.0,1.0
21,2020-09-16,44.52,47.67,44.3,47.05,47.05,1274297.0,0.0,1.0
22,2020-09-15,46.5,46.89,44.26,44.36,44.36,904582.0,0.0,1.0
23,2020-09-14,45.68,46.65,45.35,46.33,46.33,717520.0,0.0,1.0
24,2020-09-11,44.73,45.48,43.91,45.25,45.25,840772.0,0.0,1.0
25,2020-09-10,46.17,47.68,45.09,45.23,45.23,708672.0,0.0,1.0
26,2020-09-09,46.84,46.84,44.3,45.65,45.65,1185391.0,0.0,1.0
27,2020-09-08,46.98,48.26,46.14,46.67,46.67,989293.0,0.0,1.0
28,2020-09-04,46.72,48.4,45.46,48.11,48.11,1324995.0,0.0,1.0
29,2020-09-03,46.19,47.91,44.95,45.31,45.31,1018426.0,0.0,1.0
30,2020-09-02,45.18,46.19,44.82,46.07,46.07,1049826.0,0.0,1.0
31,2020-09-01,45.5,46.13,44.62,45.19,45.19,664657.0,0.0,1.0
32,2020-08-31,46.95,46.95,44.855,45.11,45.11,937623.0,0.0,1.0
33,2020-08-28,47.0,47.2,45.64,46.95,46.95,1067973.0,0.0,1.0
34,2020-08-27,44.77,47.072,44.77,46.51,46.51,882042.0,0.0,1.0
35,2020-08-26,46.25,46.59,44.46,44.92,44.92,625634.0,0.0,1.0
36,2020-08-25,46.0,46.97,44.93,45.97,45.97,745199.0,0.0,1.0
37,2020-08-24,43.64,46.0653,43.1,45.59,45.59,815676.0,0.0,1.0
38,2020-08-21,42.94,44.14,42.79,43.19,43.19,662858.0,0.0,1.0
39,2020-08-20,45.04,45.24,43.35,43.51,43.51,1048151.0,0.0,1.0
40,2020-08-19,45.02,46.92,45.02,45.62,45.62,924782.0,0.0,1.0
41,2020-08-18,46.93,46.93,44.815,45.28,45.28,1439536.0,0.0,1.0
42,2020-08-17,47.63,48.12,46.94,47.01,47.01,668868.0,0.0,1.0
43,2020-08-14,46.52,48.7,46.5,47.84,47.84,537836.0,0.0,1.0
44,2020-08-13,46.95,48.37,46.46,47.11,47.11,535666.0,0.21,1.0
45,2020-08-12,49.76,50.0118,47.062,47.84,47.6277,752798.0,0.0,1.0
46,2020-08-11,49.11,50.85,48.8,48.91,48.6929,1187705.0,0.0,1.0
47,2020-08-10,46.67,48.41,46.55,47.29,47.0801,960372.0,0.0,1.0
48,2020-08-07,44.85,46.19,44.19,46.15,45.9452,604907.0,0.0,1.0
49,2020-08-06,45.05,46.28,44.33,45.3,45.099,645211.0,0.0,1.0
50,2020-08-05,44.86,45.39,43.65,45.33,45.1288,902024.0,0.0,1.0
51,2020-08-04,44.9,45.5,43.445,43.54,43.3468,971123.0,0.0,1.0
52,2020-08-03,44.56,45.6,43.42,44.94,44.7406,801705.0,0.0,1.0
53,2020-07-31,44.33,44.42,42.5815,44.36,44.1631,1037829.0,0.0,1.0
54,2020-07-30,44.16,44.64,42.9632,44.5,44.3025,798136.0,0.0,1.0
55,2020-07-29,42.76,45.585,42.74,45.43,45.2284,826422.0,0.0,1.0
56,2020-07-28,43.39,44.59,42.93,43.02,42.8291,699666.0,0.0,1.0
57,2020-07-27,44.0,44.24,42.61,43.86,43.6654,799775.0,0.0,1.0
58,2020-07-24,46.5,46.5,43.95,44.41,44.2129,1384622.0,0.0,1.0
59,2020-07-23,43.92,46.39,43.28,44.76,44.5614,1917722.0,0.0,1.0
60,2020-07-22,41.92,42.7,41.0901,42.57,42.3811,1317609.0,0.0,1.0
61,2020-07-21,40.88,42.86,40.86,42.27,42.0824,2070300.0,0.0,1.0
62,2020-07-20,41.63,41.68,39.67,40.12,39.942,1319300.0,0.0,1.0
63,2020-07-17,44.11,44.37,41.92,42.51,42.3213,849700.0,0.0,1.0
64,2020-07-16,42.59,45.4,42.2,44.23,44.0337,1200300.0,0.0,1.0
65,2020-07-15,42.49,44.07,41.67,43.78,43.5857,1628800.0,0.0,1.0
66,2020-07-14,40.5,41.31,39.65,40.53,40.3501,856400.0,0.0,1.0
67,2020-07-13,42.26,43.14,40.71,40.97,40.7882,1209700.0,0.0,1.0
68,2020-07-10,39.34,41.86,38.88,41.52,41.3357,1743200.0,0.0,1.0
69,2020-07-09,42.59,42.77,39.09,39.9,39.7229,1626200.0,0.0,1.0
70,2020-07-08,42.15,42.67,41.09,42.49,42.3014,1079700.0,0.0,1.0
71,2020-07-07,43.3,43.73,41.76,42.0,41.8136,1094100.0,0.0,1.0
72,2020-07-06,45.26,46.21,43.32,43.81,43.6156,1545800.0,0.0,1.0
73,2020-07-02,45.2,46.25,43.48,43.7,43.5061,1090800.0,0.0,1.0
74,2020-07-01,45.37,47.39,43.43,43.74,43.5459,1371500.0,0.0,1.0
75,2020-06-30,45.41,46.47,44.41,45.12,44.9198,1456500.0,0.0,1.0
76,2020-06-29,43.45,45.74,42.9001,45.71,45.5071,1287773.0,0.0,1.0
77,2020-06-26,45.55,45.86,42.42,42.87,42.6797,1813300.0,0.0,1.0
78,2020-06-25,44.49,46.9,44.28,46.12,45.9153,1535400.0,0.0,1.0
79,2020-06-24,47.44,48.29,44.65,45.44,45.2383,2078600.0,0.0,1.0
80,2020-06-23,47.82,48.76,47.12,48.63,48.4142,1782700.0,0.0,1.0
81,2020-06-22,47.17,48.21,46.1,47.4,47.1896,2469400.0,0.0,1.0
82,2020-06-19,50.45,50.54,46.82,47.4,47.1896,9731200.0,0.0,1.0
83,2020-06-18,49.54,50.51,47.81,48.78,48.5635,1737900.0,0.0,1.0
84,2020-06-17,52.89,53.37,50.3,50.59,50.3655,1452800.0,0.0,1.0
85,2020-06-16,54.5,56.32,51.46,53.08,52.8444,2013700.0,0.0,1.0
86,2020-06-15,49.0,51.5,48.06,50.86,50.6343,2239300.0,0.0,1.0
87,2020-06-12,51.51,52.7,48.7,52.09,51.8588,2322200.0,0.0,1.0
88,2020-06-11,51.56,53.22,47.05,47.57,47.3589,2955300.0,0.0,1.0
89,2020-06-10,61.99,62.12,55.65,56.55,56.299,2110600.0,0.0,1.0
90,2020-06-09,62.09,65.43,61.43,63.51,63.2282,2020200.0,0.0,1.0
91,2020-06-08,64.3,66.28,62.61,66.09,65.7967,2238400.0,0.0,1.0
92,2020-06-05,59.77,62.57,58.69,60.34,60.0722,2597800.0,0.0,1.0
93,2020-06-04,54.93,56.08,52.57,54.53,54.288,2101100.0,0.0,1.0
94,2020-06-03,51.63,55.49,51.63,55.17,54.9252,1855300.0,0.0,1.0
95,2020-06-02,51.01,51.66,49.17,49.75,49.5292,1629100.0,0.0,1.0
96,2020-06-01,46.58,51.15,46.27,49.9,49.6786,2054600.0,0.0,1.0
97,2020-05-29,47.65,49.14,46.0,46.33,46.1244,4258000.0,0.0,1.0
98,2020-05-28,52.02,52.1,48.69,49.0,48.7825,1495000.0,0.0,1.0
99,2020-05-27,52.96,54.4,50.16,51.99,51.7593,2133600.0,0.0,1.0
100,2020-05-26,45.6,50.29,44.96,49.42,49.2007,2640200.0,0.0,1.0
101,2020-05-22,43.36,43.76,41.81,42.05,41.8634,1143500.0,0.0,1.0
102,2020-05-21,44.0,44.91,42.29,43.06,42.8689,1156200.0,0.0,1.0
103,2020-05-20,44.01,46.28,43.7,44.08,43.8844,1492900.0,0.0,1.0
104,2020-05-19,44.15,45.25,42.16,42.65,42.4607,1318400.0,0.0,1.0
105,2020-05-18,40.97,45.16,40.68,44.83,44.6311,2008900.0,0.0,1.0
106,2020-05-15,38.56,39.24,37.31,38.18,38.0106,1478600.0,0.0,1.0
107,2020-05-14,35.99,40.15,35.13,39.38,39.2052,2271500.0,0.0,1.0
108,2020-05-13,40.08,40.08,36.14,37.06,36.8955,2240700.0,0.21,1.0
109,2020-05-12,43.4,45.47,40.36,40.47,40.0634,1717800.0,0.0,1.0
110,2020-05-11,45.95,46.34,42.81,43.02,42.5878,2224200.0,0.0,1.0
111,2020-05-08,47.03,47.5,45.56,47.18,46.706,1225900.0,0.0,1.0
112,2020-05-07,44.74,47.28,44.52,45.5,45.0428,1061700.0,0.0,1.0
113,2020-05-06,46.09,46.76,43.11,43.71,43.2708,1461000.0,0.0,1.0
114,2020-05-05,48.24,50.92,45.13,45.34,44.8844,1944800.0,0.0,1.0
115,2020-05-04,44.01,46.53,43.07,46.34,45.8744,1554700.0,0.0,1.0
116,2020-05-01,47.76,47.9,45.01,46.38,45.914,1961100.0,0.0,1.0
117,2020-04-30,53.66,53.69,50.01,50.07,49.5669,1748400.0,0.0,1.0
118,2020-04-29,51.7,55.36,51.27,54.94,54.388,2743800.0,0.0,1.0
119,2020-04-28,44.48,48.33,43.61,47.6,47.1217,2104900.0,0.0,1.0
120,2020-04-27,41.2,42.74,40.51,41.39,40.9741,2004800.0,0.0,1.0
121,2020-04-24,40.79,42.44,38.75,40.4,39.9941,3935600.0,0.0,1.0
122,2020-04-23,36.69,41.25,35.59,40.39,39.9842,2944700.0,0.0,1.0
123,2020-04-22,37.55,37.97,35.72,36.68,36.3115,1322900.0,0.0,1.0
124,2020-04-21,35.0,37.3,35.0,35.97,35.6086,1653200.0,0.0,1.0
125,2020-04-20,36.0,38.64,35.33,36.49,36.1234,1203100.0,0.0,1.0
126,2020-04-17,34.74,37.94,34.72,37.86,37.4796,1999100.0,0.0,1.0
127,2020-04-16,34.45,34.45,32.51,33.0,32.6684,1555100.0,0.0,1.0
128,2020-04-15,34.26,34.77,32.68,34.52,34.1732,1444500.0,0.0,1.0
129,2020-04-14,37.22,37.64,34.01,36.41,36.0442,1908000.0,0.0,1.0
130,2020-04-13,36.87,37.5,33.79,35.82,35.4601,2226000.0,0.0,1.0
131,2020-04-09,44.78,46.3,37.12,38.58,38.1924,2269300.0,0.0,1.0
132,2020-04-08,36.0,41.77,35.9,40.71,40.301,1825000.0,0.0,1.0
133,2020-04-07,34.28,39.38,34.28,35.57,35.2126,2414200.0,0.0,1.0
134,2020-04-06,28.98,32.79,28.73,31.16,30.8469,3188200.0,0.0,1.0
135,2020-04-03,28.41,28.68,25.64,26.49,26.2238,1419400.0,0.0,1.0
136,2020-04-02,31.01,31.59,26.56,28.29,28.0058,2273700.0,0.0,1.0
137,2020-04-01,31.74,32.15,30.12,31.04,30.7281,1525900.0,0.0,1.0
138,2020-03-31,33.8,35.52,32.1,33.65,33.3119,1291200.0,0.0,1.0
139,2020-03-30,36.58,36.58,32.8,34.3,33.9554,1386900.0,0.0,1.0
140,2020-03-27,35.77,38.03,35.05,36.47,36.1036,2085500.0,0.0,1.0
141,2020-03-26,40.0,42.79,36.41,37.55,37.1727,1702600.0,0.0,1.0
142,2020-03-25,43.45,46.44,38.3,38.51,38.1231,2156900.0,0.0,1.0
143,2020-03-24,33.91,42.41,32.81,42.01,41.5879,2564700.0,0.0,1.0
144,2020-03-23,26.53,32.17,26.52,31.02,30.7083,2098600.0,0.0,1.0
145,2020-03-20,27.26,31.09,26.8,27.55,27.2732,3864600.0,0.0,1.0
146,2020-03-19,22.29,27.21,20.51,25.38,25.125,3435000.0,0.0,1.0
147,2020-03-18,28.83,28.83,21.0,22.61,22.3828,2703200.0,0.0,1.0
148,2020-03-17,36.94,37.05,28.08,30.87,30.5598,3849800.0,0.0,1.0
149,2020-03-16,36.0,43.08,35.97,36.11,35.7472,2389000.0,0.0,1.0
150,2020-03-13,50.64,51.04,44.39,49.51,49.0126,2558000.0,0.0,1.0
151,2020-03-12,52.73,53.0,46.25,46.82,46.3496,1978300.0,0.0,1.0
152,2020-03-11,61.62,62.84,56.9,57.28,56.7045,2029300.0,0.0,1.0
153,2020-03-10,66.63,66.97,59.68,63.56,62.9214,1803400.0,0.0,1.0
154,2020-03-09,66.69,68.7,62.61,63.02,62.3868,1144100.0,0.0,1.0
155,2020-03-06,71.26,74.61,69.57,72.61,71.8805,1166300.0,0.0,1.0
156,2020-03-05,78.74,78.81,73.69,74.21,73.4644,1060400.0,0.0,1.0
157,2020-03-04,80.48,81.03,77.41,80.69,79.8793,1464000.0,0.0,1.0
158,2020-03-03,85.63,86.12,79.45,79.68,78.8794,1035000.0,0.0,1.0
159,2020-03-02,86.73,86.73,82.1,86.07,85.2052,1697800.0,0.0,1.0
160,2020-02-28,85.13,87.04,84.32,85.88,85.0171,1868700.0,0.0,1.0
161,2020-02-27,88.42,90.79,86.25,87.7,86.8188,1180900.0,0.0,1.0
162,2020-02-26,94.39,95.31,90.86,90.94,90.0263,969200.0,0.0,1.0
163,2020-02-25,98.96,99.1,93.51,93.75,92.8081,1134100.0,0.0,1.0
164,2020-02-24,99.0,99.36,97.57,98.72,97.7281,771500.0,0.0,1.0
165,2020-02-21,101.98,102.71,100.99,102.16,101.1336,503700.0,0.0,1.0
166,2020-02-20,101.55,103.8,100.8,103.06,102.0245,590700.0,0.0,1.0
167,2020-02-19,100.91,101.59,99.0,101.36,100.3416,717900.0,0.0,1.0
168,2020-02-18,100.68,102.31,99.38,100.5,99.4902,854900.0,0.0,1.0
169,2020-02-14,103.4,104.78,102.73,102.83,101.7968,1280800.0,0.0,1.0
170,2020-02-13,103.56,103.99,102.58,103.49,102.4502,559800.0,0.63,1.0
171,2020-02-12,104.6,107.0,104.05,104.63,102.952,477700.0,0.0,1.0
172,2020-02-11,104.31,104.82,103.05,103.69,102.0271,342200.0,0.0,1.0
173,2020-02-10,105.67,105.92,103.16,103.44,101.7811,591700.0,0.0,1.0
174,2020-02-07,105.65,106.18,104.6,105.92,104.2213,572900.0,0.0,1.0
175,2020-02-06,107.29,107.71,105.64,106.5,104.792,763900.0,0.0,1.0
176,2020-02-05,103.49,108.5,103.49,106.85,105.1364,1094387.0,0.0,1.0
177,2020-02-04,102.06,103.58,102.02,102.4,100.7578,816700.0,0.0,1.0
178,2020-02-03,103.44,103.95,100.15,100.59,98.9768,1245200.0,0.0,1.0
179,2020-01-31,106.59,106.59,102.5,102.79,101.1415,1725700.0,0.0,1.0
180,2020-01-30,106.0,107.73,102.4103,107.18,105.4611,2129315.0,0.0,1.0
181,2020-01-29,108.17,110.28,107.66,109.69,107.9309,1328900.0,0.0,1.0
182,2020-01-28,106.18,108.14,106.03,107.33,105.6087,826200.0,0.0,1.0
183,2020-01-27,105.45,106.12,104.07,105.65,103.9557,1053600.0,0.0,1.0
184,2020-01-24,112.2,112.2,107.26,107.4,105.6776,1577600.0,0.0,1.0
185,2020-01-23,111.19,111.95,108.23,111.8,110.007,568100.0,0.0,1.0
186,2020-01-22,112.45,113.11,111.59,111.62,109.8299,479200.0,0.0,1.0
187,2020-01-21,112.79,113.28,111.68,111.85,110.0562,512100.0,0.0,1.0
188,2020-01-17,114.25,114.48,112.68,112.91,111.0992,576500.0,0.0,1.0
189,2020-01-16,114.44,115.62,113.04,114.03,112.2013,446600.0,0.0,1.0
190,2020-01-15,111.57,114.06,111.28,113.18,111.3649,812400.0,0.0,1.0
191,2020-01-14,111.21,113.37,111.21,112.15,110.3514,802500.0,0.0,1.0
192,2020-01-13,112.17,112.8,110.06,112.42,110.6171,667100.0,0.0,1.0
193,2020-01-10,111.42,112.77,110.11,112.07,110.2727,715300.0,0.0,1.0
194,2020-01-09,111.12,111.77,109.64,110.75,108.9739,537800.0,0.0,1.0
195,2020-01-08,109.9,110.81,108.54,110.21,108.4425,819500.0,0.0,1.0
196,2020-01-07,110.12,110.89,108.96,110.25,108.4819,530300.0,0.0,1.0
197,2020-01-06,109.36,110.97,108.38,110.88,109.1018,654000.0,0.0,1.0
198,2020-01-03,110.58,111.69,108.02,110.38,108.6098,570500.0,0.0,1.0
199,2020-01-02,113.46,114.49,111.38,112.48,110.6761,652000.0,0.0,1.0
