,date,1. open,2. high,3. low,4. close,5. adjusted close,6. volume,7. dividend amount,8. split coefficient
12,2020-09-30,28.07,28.2184,28.07,28.1292,28.1292,1690.0,0.0,1.0
13,2020-09-29,28.22,28.3006,28.06,28.3006,28.3006,6140.0,0.0,1.0
14,2020-09-28,28.14,28.23,28.0196,28.23,28.23,10776.0,0.0,1.0
15,2020-09-25,27.12,27.45,27.01,27.45,27.45,5340.0,0.0,1.0
16,2020-09-24,27.4019,27.65,27.33,27.5,27.5,29034.0,0.0,1.0
17,2020-09-23,27.86,27.86,27.4438,27.4438,27.4438,4019.0,0.0,1.0
18,2020-09-22,27.86,28.027,27.59,27.934,27.934,5322.0,0.0,1.0
19,2020-09-21,28.23,28.23,27.5025,27.8,27.8,47721.0,0.0,1.0
20,2020-09-18,29.325,29.44,29.0923,29.1015,29.1015,41511.0,0.0,1.0
21,2020-09-17,28.98,29.37,28.98,29.31,29.31,7836.0,0.0,1.0
22,2020-09-16,29.42,29.45,29.28,29.33,29.33,3723.0,0.0,1.0
23,2020-09-15,29.57,29.57,28.92,28.92,28.92,7600.0,0.0,1.0
24,2020-09-14,29.48,29.48,29.3,29.3291,29.3291,9836.0,0.0,1.0
25,2020-09-11,29.2185,29.3499,29.2185,29.28,29.28,2531.0,0.0,1.0
26,2020-09-10,29.65,29.65,29.0647,29.0647,29.0647,5201.0,0.0,1.0
27,2020-09-09,29.06,29.475,29.06,29.41,29.41,1630.0,0.0,1.0
28,2020-09-08,28.55,28.86,28.35,28.585,28.585,24447.0,0.0,1.0
29,2020-09-04,29.1399,29.1399,28.15,28.845,28.845,58560.0,0.0,1.0
30,2020-09-03,29.72,29.72,28.67,28.7997,28.7997,13962.0,0.0,1.0
31,2020-09-02,29.27,29.64,29.0401,29.64,29.64,38393.0,0.0,1.0
32,2020-09-01,29.03,29.03,28.8902,28.95,28.95,21191.0,0.0,1.0
33,2020-08-31,29.22,29.27,28.931,29.27,29.27,5767.0,0.0,1.0
34,2020-08-28,29.09,29.23,29.0638,29.1279,29.1279,6115.0,0.0,1.0
35,2020-08-27,29.4,29.4,28.9014,28.985,28.985,4389.0,0.0,1.0
36,2020-08-26,29.15,29.4,29.1,29.4,29.4,10256.0,0.0,1.0
37,2020-08-25,29.28,29.28,28.9273,28.975,28.975,6282.0,0.0,1.0
38,2020-08-24,28.89,28.96,28.8214,28.88,28.88,7799.0,0.0,1.0
39,2020-08-21,28.12,28.285,28.0,28.285,28.285,3842.0,0.0,1.0
40,2020-08-20,28.27,28.66,28.25,28.65,28.65,17613.0,0.0,1.0
41,2020-08-19,29.08,29.08,28.79,28.855,28.855,11855.0,0.0,1.0
42,2020-08-18,29.1,29.16,28.72,28.91,28.91,24028.0,0.0,1.0
43,2020-08-17,28.68,28.99,28.68,28.775,28.775,9784.0,0.0,1.0
44,2020-08-14,28.47,28.6565,28.24,28.46,28.46,15761.0,0.0,1.0
45,2020-08-13,28.96,29.05,28.65,28.725,28.725,12503.0,0.0,1.0
46,2020-08-12,28.76,28.97,28.72,28.895,28.895,12230.0,0.0,1.0
47,2020-08-11,28.53,28.57,28.19,28.22,28.22,10769.0,0.0,1.0
48,2020-08-10,28.01,28.04,27.9,28.0305,28.0305,4882.0,0.0,1.0
49,2020-08-07,27.93,28.03,27.8101,28.01,28.01,3198.0,0.0,1.0
50,2020-08-06,28.005,28.16,27.99,28.1255,28.1255,4804.0,0.0,1.0
51,2020-08-05,28.05,28.23,28.0,28.07,28.07,7901.0,0.0,1.0
52,2020-08-04,27.665,27.875,27.665,27.875,27.875,11065.0,0.0,1.0
53,2020-08-03,27.74,27.885,27.55,27.8,27.8,9963.0,0.0,1.0
54,2020-07-31,27.63,27.66,26.95,27.11,27.11,71143.0,0.0,1.0
55,2020-07-30,27.47,27.759,27.1408,27.72,27.72,45376.0,0.0,1.0
56,2020-07-29,28.42,28.484,28.21,28.39,28.39,20047.0,0.0,1.0
57,2020-07-28,28.28,28.4399,27.95,28.145,28.145,108529.0,0.0,1.0
58,2020-07-27,28.17,28.5699,28.17,28.27,28.27,27158.0,0.0,1.0
59,2020-07-24,27.935,28.04,27.848,27.995,27.995,18944.0,0.0,1.0
60,2020-07-23,28.53,28.6,28.12,28.2,28.2,147703.0,0.0,1.0
61,2020-07-22,28.56,28.599,28.4556,28.5366,28.5366,21039.0,0.0,1.0
62,2020-07-21,28.43,28.57,28.29,28.325,28.325,45516.0,0.0,1.0
63,2020-07-20,27.92,28.14,27.685,28.12,28.12,24790.0,0.0,1.0
64,2020-07-17,27.72,27.83,27.67,27.82,27.82,24300.0,0.0,1.0
65,2020-07-16,27.62,27.82,27.5,27.59,27.59,307000.0,0.0,1.0
66,2020-07-15,27.69,27.99,27.43,27.66,27.66,6500.0,0.0,1.0
67,2020-07-14,26.75,27.24,26.72,27.24,27.24,8400.0,0.0,1.0
68,2020-07-13,27.2,27.43,26.78,26.78,26.783,15000.0,0.0,1.0
69,2020-07-10,26.77,26.94,26.77,26.86,26.865,4100.0,0.0,1.0
70,2020-07-09,27.01,27.01,26.4,26.61,26.61,4600.0,0.0,1.0
71,2020-07-08,26.56,26.71,26.5,26.62,26.625,19700.0,0.0,1.0
72,2020-07-07,26.76,26.8,26.55,26.56,26.557,8800.0,0.0,1.0
73,2020-07-06,27.11,27.11,26.75,26.98,26.98,9400.0,0.0,1.0
74,2020-07-02,26.62,26.7,26.48,26.48,26.485,8000.0,0.0,1.0
75,2020-07-01,25.97,26.09,25.9,25.94,25.945,14400.0,0.0,1.0
76,2020-06-30,25.85,26.09,25.85,26.08,26.084,1800.0,0.0,1.0
77,2020-06-29,25.6,25.82,25.6,25.82,25.825,990.0,0.2935,1.0
78,2020-06-26,26.13,26.13,25.67,25.7,25.4162,5400.0,0.0,1.0
79,2020-06-25,25.68,26.43,25.54,26.43,26.133,5700.0,0.0,1.0
80,2020-06-24,26.28,26.33,25.56,25.97,25.6782,8700.0,0.0,1.0
81,2020-06-23,26.84,26.98,26.56,26.68,26.3851,5600.0,0.0,1.0
82,2020-06-22,26.04,26.35,26.04,26.24,25.9451,6600.0,0.0,1.0
83,2020-06-19,26.34,26.62,25.75,25.86,25.5744,20600.0,0.0,1.0
84,2020-06-18,26.0,26.29,25.99,26.1,25.8087,3800.0,0.0,1.0
85,2020-06-17,26.55,26.62,26.15,26.22,25.9303,3200.0,0.0,1.0
86,2020-06-16,26.48,26.64,26.11,26.41,26.1132,8400.0,0.0,1.0
87,2020-06-15,25.28,25.94,25.05,25.92,25.6297,8900.0,0.0,1.0
88,2020-06-12,26.04,26.11,25.11,25.57,25.2827,36100.0,0.0,1.0
89,2020-06-11,26.11,26.3,25.2,25.32,25.0355,72200.0,0.0,1.0
90,2020-06-10,27.11,27.38,26.88,27.08,26.7708,37300.0,0.0,1.0
91,2020-06-09,27.12,27.41,26.92,27.16,26.8548,42300.0,0.0,1.0
92,2020-06-08,27.55,27.8,27.27,27.64,27.3294,25700.0,0.0,1.0
93,2020-06-05,27.33,27.77,27.19,27.32,27.013,30200.0,0.0,1.0
94,2020-06-04,26.62,26.89,26.5,26.72,26.4198,38300.0,0.0,1.0
95,2020-06-03,26.33,26.92,26.26,26.72,26.4198,40900.0,0.0,1.0
96,2020-06-02,25.52,25.75,25.32,25.62,25.3282,27300.0,0.0,1.0
97,2020-06-01,24.86,25.31,24.84,25.3,25.0108,5500.0,0.0,1.0
98,2020-05-29,24.32,24.63,24.2,24.63,24.3503,3000.0,0.0,1.0
99,2020-05-28,24.71,24.96,24.58,24.65,24.374,8000.0,0.0,1.0
100,2020-05-27,24.37,24.59,24.18,24.46,24.1802,18200.0,0.0,1.0
101,2020-05-26,24.08,24.22,23.76,23.88,23.6097,6900.0,0.0,1.0
102,2020-05-22,22.98,23.13,22.91,23.05,22.789,1000.0,0.0,1.0
103,2020-05-21,23.35,23.41,22.99,22.99,22.7307,4100.0,0.0,1.0
104,2020-05-20,23.15,23.38,23.06,23.32,23.0629,5200.0,0.0,1.0
105,2020-05-19,22.97,23.0,22.82,22.9,22.6427,5200.0,0.0,1.0
106,2020-05-18,22.51,23.11,22.5,23.11,22.8503,9600.0,0.0,1.0
107,2020-05-15,21.54,21.58,21.41,21.41,21.1694,2000.0,0.0,1.0
108,2020-05-14,21.07,21.39,20.74,21.39,21.1516,5300.0,0.0,1.0
109,2020-05-13,22.01,22.06,21.38,21.53,21.2861,8500.0,0.0,1.0
110,2020-05-12,22.4,22.45,22.0,22.1,21.8477,1800.0,0.0,1.0
111,2020-05-11,22.3,22.53,22.08,22.35,22.1028,23800.0,0.0,1.0
112,2020-05-08,22.27,22.61,22.27,22.57,22.3144,3600.0,0.0,1.0
113,2020-05-07,22.09,22.11,22.0,22.04,21.7973,4400.0,0.0,1.0
114,2020-05-06,22.17,22.17,21.65,21.76,21.5115,7300.0,0.0,1.0
115,2020-05-05,22.14,22.28,22.0,22.07,21.822,24200.0,0.0,1.0
116,2020-05-04,21.89,22.09,21.59,22.09,21.8418,9500.0,0.0,1.0
117,2020-05-01,22.24,22.43,22.02,22.1,21.8517,28800.0,0.0,1.0
118,2020-04-30,22.68,22.77,22.3,22.73,22.4746,10800.0,0.0,1.0
119,2020-04-29,22.78,23.18,22.62,22.95,22.6921,24200.0,0.0,1.0
120,2020-04-28,22.58,22.64,22.12,22.18,21.9327,36800.0,0.0,1.0
121,2020-04-27,21.85,22.07,21.8,22.07,21.82,27500.0,0.0,1.0
122,2020-04-24,21.31,21.5,21.23,21.42,21.1833,2400.0,0.0,1.0
123,2020-04-23,21.36,21.86,21.24,21.32,21.0765,19200.0,0.0,1.0
124,2020-04-22,21.56,21.63,21.39,21.53,21.2871,4900.0,0.0,1.0
125,2020-04-21,21.46,21.69,21.11,21.31,21.0745,18800.0,0.0,1.0
126,2020-04-20,21.8,22.27,21.8,21.88,21.6391,19400.0,0.0,1.0
127,2020-04-17,22.08,22.17,21.8,22.16,21.914,22500.0,0.0,1.0
128,2020-04-16,21.55,21.55,21.11,21.29,21.0498,5300.0,0.0,1.0
129,2020-04-15,21.52,21.65,21.27,21.46,21.2189,17000.0,0.0,1.0
130,2020-04-14,22.4,22.61,22.2,22.43,22.1809,13700.0,0.0,1.0
131,2020-04-13,22.45,22.45,21.58,21.73,21.4888,15000.0,0.0,1.0
132,2020-04-09,22.01,22.32,21.66,22.21,21.9634,10500.0,0.0,1.0
133,2020-04-08,21.47,21.57,21.06,21.52,21.2831,21100.0,0.0,1.0
134,2020-04-07,21.87,21.87,21.28,21.29,21.0508,72100.0,0.0,1.0
135,2020-04-06,20.6,21.0,20.57,20.94,20.7077,15200.0,0.0,1.0
136,2020-04-03,19.74,19.74,19.4,19.6,19.3768,169000.0,0.0,1.0
137,2020-04-02,20.1,20.1,19.5,19.77,19.5449,2300.0,0.0,1.0
138,2020-04-01,19.77,20.14,19.53,19.6,19.3807,7600.0,0.0,1.0
139,2020-03-31,20.74,20.77,20.34,20.6,20.3636,18400.0,0.0,1.0
140,2020-03-30,20.17,20.76,20.11,20.62,20.3932,19000.0,0.0,1.0
141,2020-03-27,20.25,20.66,20.0,20.5,20.2696,11200.0,0.0,1.0
142,2020-03-26,20.42,21.02,20.34,21.02,20.7818,22500.0,0.0,1.0
143,2020-03-25,19.98,20.66,19.74,20.4,20.1708,14800.0,0.0,1.0
144,2020-03-24,19.27,19.98,19.19,19.74,19.5212,19200.0,0.0,1.0
145,2020-03-23,18.09,18.37,17.65,18.0,17.8027,13000.0,0.0,1.0
146,2020-03-20,18.08,18.48,17.62,17.64,17.4368,12300.0,0.0,1.0
147,2020-03-19,17.26,17.81,17.09,17.61,17.4121,14800.0,0.0,1.0
148,2020-03-18,17.67,17.95,17.0,17.39,17.1896,80800.0,0.0,1.0
149,2020-03-17,18.25,19.09,17.97,18.79,18.5828,26100.0,0.0,1.0
150,2020-03-16,17.96,19.13,17.87,18.29,18.0845,81800.0,0.0,1.0
151,2020-03-13,20.74,20.74,19.29,20.3,20.0719,21500.0,0.0,1.0
152,2020-03-12,20.39,21.55,19.26,19.66,19.4391,31900.0,0.0,1.0
153,2020-03-11,22.76,22.78,21.96,22.17,21.9209,27000.0,0.0,1.0
154,2020-03-10,23.51,23.57,22.55,23.3,23.0332,12400.0,0.0,1.0
155,2020-03-09,22.98,23.48,22.69,22.69,22.435,23200.0,0.0,1.0
156,2020-03-06,24.8,24.9,24.57,24.82,24.5362,4100.0,0.0,1.0
157,2020-03-05,25.27,25.38,25.01,25.15,24.8664,5100.0,0.0,1.0
158,2020-03-04,25.57,25.72,25.46,25.72,25.431,1100.0,0.0,1.0
159,2020-03-03,25.72,25.75,25.0,25.09,24.8091,4900.0,0.0,1.0
160,2020-03-02,25.09,25.42,24.9,25.36,25.075,3600.0,0.0,1.0
161,2020-02-28,24.51,25.0,24.47,24.95,24.6696,6400.0,0.0,1.0
162,2020-02-27,25.62,26.0,25.21,25.21,24.9267,10700.0,0.0,1.0
163,2020-02-26,26.26,26.46,26.1,26.17,25.8759,3300.0,0.0,1.0
164,2020-02-25,26.8,26.8,26.12,26.15,25.8562,16900.0,0.0,1.0
165,2020-02-24,26.8,26.87,26.21,26.82,26.5137,4900.0,0.0,1.0
166,2020-02-21,27.94,27.94,27.84,27.92,27.6063,890.0,0.0,1.0
167,2020-02-20,28.3,28.3,27.94,27.94,27.626,1800.0,0.0,1.0
168,2020-02-19,28.12,28.25,28.12,28.24,27.9227,1300.0,0.0,1.0
169,2020-02-18,28.11,28.2,28.06,28.06,27.7447,2400.0,0.0,1.0
170,2020-02-14,28.4,28.4,28.26,28.26,27.9474,2600.0,0.0,1.0
171,2020-02-13,28.46,28.46,28.28,28.28,27.9573,810.0,0.0,1.0
172,2020-02-12,28.36,28.56,28.25,28.46,28.1353,4900.0,0.0,1.0
173,2020-02-11,28.16,28.26,28.16,28.26,27.9375,2700.0,0.0,1.0
174,2020-02-10,27.82,28.02,27.82,27.98,27.6607,12700.0,0.0,1.0
175,2020-02-07,28.04,28.04,27.9,27.95,27.6359,710.0,0.0,1.0
176,2020-02-06,28.39,28.39,28.24,28.24,27.9247,1300.0,0.0,1.0
177,2020-02-05,28.12,28.17,28.12,28.17,27.8535,210.0,0.0,1.0
178,2020-02-04,27.86,27.93,27.75,27.82,27.5074,1100.0,0.0,1.0
179,2020-02-03,27.23,27.4,27.23,27.38,27.0773,2100.0,0.0,1.0
180,2020-01-31,27.38,27.38,27.1,27.1,26.7955,16900.0,0.0,1.0
181,2020-01-30,27.56,27.7,27.5,27.7,27.3937,2200.0,0.0,1.0
182,2020-01-29,27.94,27.94,27.72,27.86,27.542,3800.0,0.0,1.0
183,2020-01-28,27.63,27.88,27.62,27.88,27.5667,1800.0,0.0,1.0
184,2020-01-27,27.63,27.84,27.5,27.71,27.3947,7300.0,0.0,1.0
185,2020-01-24,28.56,28.65,28.23,28.31,27.9919,4900.0,0.0,1.0
186,2020-01-23,28.2,28.28,28.04,28.28,27.9573,1900.0,0.0,1.0
187,2020-01-22,28.4,28.46,28.4,28.46,28.1451,8200.0,0.0,1.0
188,2020-01-21,28.48,28.51,28.48,28.48,28.16,3600.0,0.0,1.0
189,2020-01-17,28.56,28.57,28.32,28.32,28.0018,5400.0,0.0,1.0
190,2020-01-16,28.49,28.49,28.38,28.46,28.1402,7600.0,0.0,1.0
191,2020-01-15,28.45,28.5,28.32,28.38,28.0611,18800.0,0.0,1.0
192,2020-01-14,28.34,28.48,28.34,28.36,28.0413,440.0,0.0,1.0
193,2020-01-13,28.24,28.53,28.22,28.45,28.1303,2500.0,0.0,1.0
194,2020-01-10,28.52,28.52,28.5,28.5,28.1798,790.0,0.0,1.0
195,2020-01-09,28.43,28.51,28.36,28.45,28.1303,5700.0,0.0,1.0
196,2020-01-08,28.16,28.26,28.16,28.26,27.9425,1700.0,0.0,1.0
197,2020-01-07,28.04,28.07,27.96,27.96,27.6409,560.0,0.0,1.0
198,2020-01-06,27.8,28.0,27.8,28.0,27.6903,640.0,0.0,1.0
199,2020-01-03,27.98,28.11,27.97,27.99,27.6755,2700.0,0.0,1.0
200,2020-01-02,28.54,28.66,28.4,28.5,28.1798,1500.0,0.0,1.0
