,date,1. open,2. high,3. low,4. close,5. adjusted close,6. volume,7. dividend amount,8. split coefficient
11,2020-09-30,115.08,116.19,114.29,115.04,115.04,836306.0,0.0,1.0
12,2020-09-29,115.09,115.66,113.7,114.4,114.4,839318.0,0.0,1.0
13,2020-09-28,115.56,115.79,114.36,114.81,114.81,875125.0,0.0,1.0
14,2020-09-25,112.05,114.96,111.79,114.72,114.72,716363.0,0.0,1.0
15,2020-09-24,111.97,114.666,110.67,112.99,112.99,672547.0,0.0,1.0
16,2020-09-23,112.43,112.66,111.51,111.9,111.9,1162128.0,0.0,1.0
17,2020-09-22,111.48,112.93,111.24,112.01,112.01,873070.0,0.0,1.0
18,2020-09-21,110.46,112.04,109.65,111.3,111.3,1033190.0,0.0,1.0
19,2020-09-18,114.82,115.65,111.79,112.03,112.03,2000059.0,1.0125,1.0
20,2020-09-17,118.65,118.865,115.85,116.86,115.8133,1245797.0,0.0,1.0
21,2020-09-16,118.61,120.8185,118.0,119.04,117.9738,2717609.0,0.0,1.0
22,2020-09-15,120.61,121.45,117.78,118.56,117.4981,1422903.0,0.0,1.0
23,2020-09-14,119.0,121.26,118.68,120.38,119.3018,621009.0,0.0,1.0
24,2020-09-11,118.19,118.82,117.35,118.44,117.3792,616169.0,0.0,1.0
25,2020-09-10,119.26,119.925,117.8,117.92,116.8638,718740.0,0.0,1.0
26,2020-09-09,119.1,121.425,118.62,119.71,118.6378,713542.0,0.0,1.0
27,2020-09-08,119.22,119.74,116.69,118.08,117.0224,1101163.0,0.0,1.0
28,2020-09-04,119.59,120.08,117.31,118.81,117.7458,802465.0,0.0,1.0
29,2020-09-03,121.01,121.9,118.12,119.12,118.0531,952975.0,0.0,1.0
30,2020-09-02,117.79,121.06,117.3,120.46,119.3811,1071491.0,0.0,1.0
31,2020-09-01,118.05,118.6,116.94,117.79,116.735,905025.0,0.0,1.0
32,2020-08-31,118.0,119.08,117.835,118.67,117.6071,1004371.0,0.0,1.0
33,2020-08-28,117.41,118.225,116.42,117.86,116.8044,555276.0,0.0,1.0
34,2020-08-27,116.64,117.82,116.27,117.02,115.9719,845657.0,0.0,1.0
35,2020-08-26,116.33,116.915,115.19,115.74,114.7033,912677.0,0.0,1.0
36,2020-08-25,118.25,118.25,116.33,117.0,115.9521,563979.0,0.0,1.0
37,2020-08-24,116.12,118.145,115.58,117.97,116.9134,719666.0,0.0,1.0
38,2020-08-21,115.91,116.11,114.82,115.83,114.7925,1179739.0,0.0,1.0
39,2020-08-20,116.34,116.8193,115.18,115.46,114.4258,777909.0,0.0,1.0
40,2020-08-19,117.25,117.42,115.87,117.02,115.9719,719127.0,0.0,1.0
41,2020-08-18,117.0,117.675,116.12,116.53,115.4863,815299.0,0.0,1.0
42,2020-08-17,117.71,118.36,116.75,117.04,115.9917,1112900.0,0.0,1.0
43,2020-08-14,118.14,119.06,116.845,117.71,116.6557,462550.0,0.0,1.0
44,2020-08-13,118.07,118.945,117.35,118.16,117.1017,552529.0,0.0,1.0
45,2020-08-12,118.22,119.49,117.755,118.81,117.7458,615243.0,0.0,1.0
46,2020-08-11,120.94,121.47,117.27,117.39,116.3386,749835.0,0.0,1.0
47,2020-08-10,119.4,121.06,119.05,120.23,119.1531,888081.0,0.0,1.0
48,2020-08-07,115.9,119.47,115.9,118.86,117.7954,1101761.0,0.0,1.0
49,2020-08-06,115.36,117.41,114.84,116.94,115.8926,834294.0,0.0,1.0
50,2020-08-05,116.18,116.48,115.21,115.5,114.4655,1146774.0,0.0,1.0
51,2020-08-04,113.68,116.07,113.32,115.64,114.6042,1023756.0,0.0,1.0
52,2020-08-03,115.31,115.82,113.6776,113.87,112.8501,821515.0,0.0,1.0
53,2020-07-31,114.48,115.88,113.6,115.63,114.5943,1032299.0,0.0,1.0
54,2020-07-30,114.01,114.99,113.4,114.7,113.6727,923988.0,0.0,1.0
55,2020-07-29,114.97,115.455,113.46,115.22,114.188,1107432.0,0.0,1.0
56,2020-07-28,112.14,116.48,111.01,114.63,113.6033,1763871.0,0.0,1.0
57,2020-07-27,114.37,114.94,113.275,114.01,112.9888,1033508.0,0.0,1.0
58,2020-07-24,115.4,116.02,114.265,114.57,113.5438,1520512.0,0.0,1.0
59,2020-07-23,114.21,115.065,113.85,114.95,113.9204,1329362.0,0.0,1.0
60,2020-07-22,110.77,115.18,109.92,114.45,113.4249,1086673.0,0.0,1.0
61,2020-07-21,108.54,111.34,108.54,111.11,110.1148,1613365.0,0.0,1.0
62,2020-07-20,111.18,111.18,108.82,109.21,108.2318,1038127.0,0.0,1.0
63,2020-07-17,110.08,112.34,110.08,111.51,110.5112,1187450.0,0.0,1.0
64,2020-07-16,108.99,110.0,108.72,109.7,108.7174,1554452.0,0.0,1.0
65,2020-07-15,110.22,111.25,109.01,109.2,108.2219,1208596.0,0.0,1.0
66,2020-07-14,108.63,109.64,107.61,108.78,107.8057,919484.0,0.0,1.0
67,2020-07-13,107.51,109.05,107.04,108.51,107.5381,1134293.0,0.0,1.0
68,2020-07-10,106.3,107.98,106.06,107.51,106.5471,903168.0,0.0,1.0
69,2020-07-09,107.42,107.59,104.2,106.67,105.7146,971486.0,0.0,1.0
70,2020-07-08,107.05,108.48,106.63,107.9,106.9336,1153843.0,0.0,1.0
71,2020-07-07,106.95,107.52,105.79,107.09,106.1308,1388040.0,0.0,1.0
72,2020-07-06,110.91,111.85,107.95,108.43,107.4588,1038031.0,0.0,1.0
73,2020-07-02,111.0,111.66,109.27,109.97,108.985,837302.0,0.0,1.0
74,2020-07-01,107.47,110.77,107.15,110.0,109.0148,995684.0,0.0,1.0
75,2020-06-30,106.07,107.99,105.59,107.5,106.5371,2290930.0,0.0,1.0
76,2020-06-29,105.0,106.57,103.69,106.56,105.6056,819924.0,0.0,1.0
77,2020-06-26,104.79,105.69,103.35,104.12,103.1874,2398438.0,0.0,1.0
78,2020-06-25,104.8,105.07,103.48,104.92,103.9803,1160701.0,0.0,1.0
79,2020-06-24,105.83,105.93,102.84,105.27,104.3271,1733598.0,0.0,1.0
80,2020-06-23,107.84,107.99,105.96,107.26,106.2993,1834486.0,0.0,1.0
81,2020-06-22,103.54,107.35,102.77,106.75,105.7939,1310502.0,0.0,1.0
82,2020-06-19,110.18,110.18,103.5,103.76,102.8306,3208289.0,0.0,1.0
83,2020-06-18,106.25,107.78,105.8,107.73,106.7651,752460.0,0.0,1.0
84,2020-06-17,108.41,108.9,106.47,107.18,106.22,759469.0,0.0,1.0
85,2020-06-16,109.21,110.86,107.33,107.98,107.0128,1035886.0,0.0,1.0
86,2020-06-15,102.9,106.76,102.19,106.02,105.0704,1194984.0,0.0,1.0
87,2020-06-12,107.02,107.44,103.13,105.07,104.1289,1069875.0,1.0125,1.0
88,2020-06-11,108.72,109.5,104.01,105.0,103.0663,1454692.0,0.0,1.0
89,2020-06-10,114.08,114.77,112.24,112.94,110.8601,1377498.0,0.0,1.0
90,2020-06-09,115.94,115.94,113.0,115.0,112.8822,1380292.0,0.0,1.0
91,2020-06-08,115.17,117.91,115.17,117.41,115.2478,1219822.0,0.0,1.0
92,2020-06-05,115.24,117.41,114.73,114.87,112.7546,1124669.0,0.0,1.0
93,2020-06-04,112.32,112.47,109.32,111.13,109.0835,952334.0,0.0,1.0
94,2020-06-03,111.56,113.76,111.29,113.04,110.9583,783987.0,0.0,1.0
95,2020-06-02,109.21,110.97,108.66,110.41,108.3767,1135938.0,0.0,1.0
96,2020-06-01,107.58,109.54,107.3,108.42,106.4234,915546.0,0.0,1.0
97,2020-05-29,106.83,108.65,105.41,107.57,105.589,2275159.0,0.0,1.0
98,2020-05-28,108.45,108.73,107.34,107.76,105.7755,1092606.0,0.0,1.0
99,2020-05-27,107.93,108.43,104.79,106.5,104.5387,1244039.0,0.0,1.0
100,2020-05-26,104.9,106.77,104.35,105.35,103.4099,1080188.0,0.0,1.0
101,2020-05-22,101.06,102.18,100.87,102.12,100.2394,803840.0,0.0,1.0
102,2020-05-21,102.69,103.58,100.82,101.04,99.1793,1196676.0,0.0,1.0
103,2020-05-20,104.24,104.86,102.69,103.25,101.3486,1400108.0,0.0,1.0
104,2020-05-19,102.53,104.14,101.87,102.86,100.9658,1404592.0,0.0,1.0
105,2020-05-18,101.24,104.2,100.64,103.24,101.3388,1367056.0,0.0,1.0
106,2020-05-15,97.13,97.41,95.1,97.35,95.5572,2760760.0,0.0,1.0
107,2020-05-14,94.7,98.09,92.39,98.0,96.1953,1501581.0,0.0,1.0
108,2020-05-13,98.53,98.53,95.0,95.96,94.1928,1870782.0,0.0,1.0
109,2020-05-12,99.0,99.69,97.78,99.26,97.432,1410632.0,0.0,1.0
110,2020-05-11,100.56,100.56,97.43,98.73,96.9118,1047389.0,0.0,1.0
111,2020-05-08,100.0,101.69,99.65,101.26,99.3952,1018552.0,0.0,1.0
112,2020-05-07,101.72,102.95,98.48,98.72,96.902,1340571.0,0.0,1.0
113,2020-05-06,102.48,102.73,99.69,100.51,98.659,1731470.0,0.0,1.0
114,2020-05-05,101.59,103.37,101.01,102.41,100.524,1356697.0,0.0,1.0
115,2020-05-04,100.21,100.94,98.35,100.83,98.9731,931716.0,0.0,1.0
116,2020-05-01,102.27,102.27,99.82,100.68,98.8259,1053246.0,0.0,1.0
117,2020-04-30,106.08,106.3,103.1,103.74,101.8295,1218734.0,0.0,1.0
118,2020-04-29,108.41,110.06,106.73,107.29,105.3142,1364642.0,0.0,1.0
119,2020-04-28,105.76,106.72,102.69,106.32,104.362,1512317.0,0.0,1.0
120,2020-04-27,104.32,104.56,102.12,102.68,100.7891,908978.0,0.0,1.0
121,2020-04-24,102.05,103.54,100.8,103.02,101.1228,936857.0,0.0,1.0
122,2020-04-23,102.45,104.23,100.79,101.01,99.1498,1082107.0,0.0,1.0
123,2020-04-22,101.3,103.17,99.67,102.36,100.475,975398.0,0.0,1.0
124,2020-04-21,98.52,100.28,98.16,99.14,97.3143,1239034.0,0.0,1.0
125,2020-04-20,103.2,104.09,99.55,100.76,98.9044,1088516.0,0.0,1.0
126,2020-04-17,103.89,106.65,102.27,105.85,103.9007,1186602.0,0.0,1.0
127,2020-04-16,105.74,107.36,101.51,101.57,99.6995,1265569.0,0.0,1.0
128,2020-04-15,105.24,105.68,102.68,104.8,102.87,1208912.0,0.0,1.0
129,2020-04-14,110.46,111.23,106.78,108.34,106.3448,1139051.0,0.0,1.0
130,2020-04-13,109.98,110.31,107.2,108.64,106.6393,1145832.0,0.0,1.0
131,2020-04-09,104.94,113.3,104.94,111.25,109.2012,2435077.0,0.0,1.0
132,2020-04-08,97.86,104.71,97.13,103.84,101.9277,1357107.0,0.0,1.0
133,2020-04-07,99.78,101.49,97.34,97.45,95.6554,1285138.0,0.0,1.0
134,2020-04-06,91.46,97.13,90.93,96.04,94.2713,1103089.0,0.0,1.0
135,2020-04-03,87.82,89.37,86.26,87.13,85.5254,1815619.0,0.0,1.0
136,2020-04-02,87.07,91.98,86.75,89.17,87.5279,1636334.0,0.0,1.0
137,2020-04-01,92.02,92.02,85.53,88.08,86.4579,2145341.0,0.0,1.0
138,2020-03-31,98.14,99.23,94.91,94.97,93.2211,1916687.0,0.0,1.0
139,2020-03-30,98.41,100.26,96.0,99.43,97.5989,1480068.0,0.0,1.0
140,2020-03-27,94.77,100.55,91.28,97.53,95.7339,1704087.0,0.0,1.0
141,2020-03-26,91.69,99.08,91.05,97.98,96.1756,1606961.0,0.0,1.0
142,2020-03-25,85.89,96.71,84.0,92.48,90.7769,2267499.0,0.0,1.0
143,2020-03-24,80.51,87.17,79.14,86.52,84.9267,2128319.0,0.0,1.0
144,2020-03-23,81.36,84.77,74.57,76.81,75.3955,2192803.0,0.0,1.0
145,2020-03-20,86.61,87.67,81.19,83.0,81.4715,4536880.0,0.0,1.0
146,2020-03-19,76.9,86.25,73.82,85.41,83.8371,2920392.0,0.0,1.0
147,2020-03-18,83.84,83.84,71.21,77.0,75.582,2610156.0,0.0,1.0
148,2020-03-17,85.17,89.61,83.26,88.38,86.7524,3017381.0,0.0,1.0
149,2020-03-16,81.0,91.61,79.92,83.03,81.5009,2782070.0,0.0,1.0
150,2020-03-13,95.17,96.44,89.58,96.44,94.664,2238631.0,1.0125,1.0
151,2020-03-12,95.97,99.19,87.45,91.18,88.571,2625373.0,0.0,1.0
152,2020-03-11,106.0,106.66,102.6,104.11,101.131,3070749.0,0.0,1.0
153,2020-03-10,104.51,108.14,100.86,108.01,104.9194,3275212.0,0.0,1.0
154,2020-03-09,109.5,109.5,101.68,102.53,99.5962,3072410.0,0.0,1.0
155,2020-03-06,112.9,116.62,110.57,116.12,112.7973,2676873.0,0.0,1.0
156,2020-03-05,117.31,117.79,114.7,116.26,112.9333,2002467.0,0.0,1.0
157,2020-03-04,114.39,119.35,114.05,119.31,115.896,1837869.0,0.0,1.0
158,2020-03-03,116.66,119.49,112.06,113.02,109.786,3049385.0,0.0,1.0
159,2020-03-02,113.07,116.86,111.4,116.64,113.3024,2516963.0,0.0,1.0
160,2020-02-28,116.31,116.31,110.2,111.67,108.4747,2907750.0,0.0,1.0
161,2020-02-27,124.02,124.38,117.93,118.01,114.6332,2247816.0,0.0,1.0
162,2020-02-26,128.37,129.04,124.68,124.73,121.161,1499883.0,0.0,1.0
163,2020-02-25,132.83,133.27,128.08,128.12,124.454,1444544.0,0.0,1.0
164,2020-02-24,134.63,135.66,132.78,132.86,129.0583,2082111.0,0.0,1.0
165,2020-02-21,133.99,135.67,133.84,134.96,131.0982,1715496.0,0.0,1.0
166,2020-02-20,134.02,134.26,132.92,133.95,130.1171,1117013.0,0.0,1.0
167,2020-02-19,134.28,134.93,134.02,134.07,130.2337,941416.0,0.0,1.0
168,2020-02-18,134.54,135.35,134.28,134.65,130.7971,1269308.0,0.0,1.0
169,2020-02-14,133.78,134.49,133.36,134.02,130.1851,1624965.0,0.0,1.0
170,2020-02-13,133.67,134.11,133.07,133.55,129.7286,1733326.0,0.0,1.0
171,2020-02-12,133.81,134.41,133.4,133.75,129.9229,858119.0,0.0,1.0
172,2020-02-11,133.69,134.27,133.28,134.02,130.1851,819026.0,0.0,1.0
173,2020-02-10,133.73,133.81,132.92,133.46,129.6412,805759.0,0.0,1.0
174,2020-02-07,134.49,134.81,133.52,133.61,129.7869,850052.0,0.0,1.0
175,2020-02-06,134.91,135.51,133.93,134.21,130.3697,1238657.0,0.0,1.0
176,2020-02-05,134.0,134.81,132.99,134.45,130.6028,1510687.0,0.0,1.0
177,2020-02-04,133.63,134.31,133.1,133.1,129.2915,1405802.0,0.0,1.0
178,2020-02-03,132.94,133.8,132.7,133.78,129.952,962288.0,0.0,1.0
179,2020-01-31,133.08,133.58,132.1,132.61,128.8155,1234580.0,0.0,1.0
180,2020-01-30,131.97,133.29,131.41,133.15,129.34,1459008.0,0.0,1.0
181,2020-01-29,132.46,132.87,131.94,131.95,128.1744,1029471.0,0.0,1.0
182,2020-01-28,132.33,133.58,132.15,132.46,128.6698,812760.0,0.0,1.0
183,2020-01-27,132.92,133.65,131.72,132.29,128.5046,938066.0,0.0,1.0
184,2020-01-24,133.71,134.31,132.22,132.76,128.9612,1248934.0,0.0,1.0
185,2020-01-23,132.59,134.12,132.35,133.9,130.0686,1117386.0,0.0,1.0
186,2020-01-22,134.05,134.72,132.58,132.62,128.8252,1421843.0,0.0,1.0
187,2020-01-21,133.93,134.44,133.05,133.93,130.0977,1284081.0,0.0,1.0
188,2020-01-17,133.0,133.97,132.56,133.83,130.0006,1015359.0,0.0,1.0
189,2020-01-16,132.23,132.99,132.08,132.92,129.1166,641830.0,0.0,1.0
190,2020-01-15,130.72,132.29,130.65,131.99,128.2132,907879.0,0.0,1.0
191,2020-01-14,129.65,130.28,128.81,130.26,126.5327,1179942.0,0.0,1.0
192,2020-01-13,129.24,130.11,129.17,129.59,125.8819,1010757.0,0.0,1.0
193,2020-01-10,129.0,129.44,128.76,128.94,125.2505,1214429.0,0.0,1.0
194,2020-01-09,128.33,129.05,128.33,128.66,124.9785,807500.0,0.0,1.0
195,2020-01-08,128.79,128.99,128.21,128.48,124.8037,716087.0,0.0,1.0
196,2020-01-07,129.09,129.09,127.62,128.55,124.8717,733847.0,0.0,1.0
197,2020-01-06,128.96,129.43,128.12,128.98,125.2894,955472.0,0.0,1.0
198,2020-01-03,128.42,129.66,128.4,129.01,125.3185,1163926.0,0.0,1.0
199,2020-01-02,130.0,130.0,127.75,128.7,125.0174,933617.0,0.0,1.0
