,date,1. open,2. high,3. low,4. close,5. adjusted close,6. volume,7. dividend amount,8. split coefficient
11,2020-09-30,0.0,0.0,0.0,0.0,0.0,0.0,0.0,1.0
12,2020-09-29,0.0,0.0,0.0,0.0,0.0,0.0,0.0,1.0
13,2020-09-28,0.0,0.0,0.0,0.0,0.0,0.0,0.0,1.0
14,2020-09-25,0.0,0.0,0.0,0.0,0.0,0.0,0.0,1.0
15,2020-09-24,0.0,0.0,0.0,0.0,0.0,0.0,0.0,1.0
16,2020-09-23,0.0,0.0,0.0,0.0,0.0,0.0,0.0,1.0
17,2020-09-22,0.0,0.0,0.0,0.0,0.0,0.0,0.0,1.0
18,2020-09-21,0.0,0.0,0.0,0.0,0.0,0.0,0.0,1.0
19,2020-09-18,0.0,0.0,0.0,0.0,0.0,0.0,0.0,1.0
20,2020-09-17,0.0,0.0,0.0,0.0,0.0,0.0,0.0,1.0
21,2020-09-16,0.0,0.0,0.0,0.0,0.0,0.0,0.0,1.0
22,2020-09-15,0.0,0.0,0.0,0.0,0.0,0.0,0.0,1.0
23,2020-09-14,0.0,0.0,0.0,0.0,0.0,0.0,0.0,1.0
24,2020-09-11,0.0,0.0,0.0,0.0,0.0,0.0,0.0,1.0
25,2020-09-10,0.0,0.0,0.0,0.0,0.0,0.0,0.0,1.0
26,2020-09-09,0.0,0.0,0.0,0.0,0.0,0.0,0.0,1.0
27,2020-09-08,0.0,0.0,0.0,0.0,0.0,0.0,0.0,1.0
28,2020-09-04,0.0,0.0,0.0,0.0,0.0,0.0,0.0,1.0
29,2020-09-03,0.0,0.0,0.0,0.0,0.0,0.0,0.0,1.0
30,2020-09-02,0.0,0.0,0.0,0.0,0.0,0.0,0.0,1.0
31,2020-09-01,0.0,0.0,0.0,0.0,0.0,0.0,0.0,1.0
32,2020-08-31,0.0,0.0,0.0,0.0,0.0,0.0,0.0,1.0
33,2020-08-28,0.0,0.0,0.0,0.0,0.0,0.0,0.0,1.0
34,2020-08-27,0.0,0.0,0.0,0.0,0.0,0.0,0.0,1.0
35,2020-08-26,0.0,0.0,0.0,0.0,0.0,0.0,0.0,1.0
36,2020-08-25,0.0,0.0,0.0,0.0,0.0,0.0,0.0,1.0
37,2020-08-24,0.0,0.0,0.0,0.0,0.0,0.0,0.0,1.0
38,2020-08-21,0.0,0.0,0.0,0.0,0.0,0.0,0.0,1.0
39,2020-08-20,0.0,0.0,0.0,0.0,0.0,0.0,0.0,1.0
40,2020-08-19,0.0,0.0,0.0,0.0,0.0,0.0,0.0,1.0
41,2020-08-18,0.0,0.0,0.0,0.0,0.0,0.0,0.0,1.0
42,2020-08-17,0.0,0.0,0.0,0.0,0.0,0.0,0.0,1.0
43,2020-08-14,0.0,0.0,0.0,0.0,0.0,0.0,0.0,1.0
44,2020-08-13,0.0,0.0,0.0,0.0,0.0,0.0,0.0,1.0
45,2020-08-12,0.0,0.0,0.0,0.0,0.0,0.0,0.0,1.0
46,2020-08-11,0.0,0.0,0.0,0.0,0.0,0.0,0.0,1.0
47,2020-08-10,0.0,0.0,0.0,0.0,0.0,0.0,0.0,1.0
48,2020-08-07,0.0,0.0,0.0,0.0,0.0,0.0,0.0,1.0
49,2020-08-06,0.0,0.0,0.0,0.0,0.0,0.0,0.0,1.0
50,2020-08-05,0.0,0.0,0.0,0.0,0.0,0.0,0.0,1.0
51,2020-08-04,0.0,0.0,0.0,0.0,0.0,0.0,0.0,1.0
52,2020-08-03,0.0,0.0,0.0,0.0,0.0,0.0,0.0,1.0
53,2020-07-31,0.0,0.0,0.0,0.0,0.0,0.0,0.0,1.0
54,2020-07-30,0.0,0.0,0.0,0.0,0.0,0.0,0.0,1.0
55,2020-07-29,0.0,0.0,0.0,0.0,0.0,0.0,0.0,1.0
56,2020-07-28,0.0,0.0,0.0,0.0,0.0,0.0,0.0,1.0
57,2020-07-27,0.0,0.0,0.0,0.0,0.0,0.0,0.0,1.0
58,2020-07-24,0.0,0.0,0.0,0.0,0.0,0.0,0.0,1.0
59,2020-07-23,0.0,0.0,0.0,0.0,0.0,4600.0,0.0,1.0
60,2020-07-22,0.0,0.0,0.0,0.0,0.0,0.0,0.0,1.0
61,2020-07-21,0.0,0.0,0.0,0.0,0.0,4600.0,0.0,1.0
62,2020-07-17,0.0,0.0,0.0,0.0,0.0,5100.0,0.0,1.0
63,2020-03-20,0.01,0.01,0.01,0.01,0.01,3000.0,0.0,1.0
64,2020-01-27,0.0147,0.0147,0.0147,0.0147,0.0147,5001.0,0.0,1.0
