,date,1. open,2. high,3. low,4. close,5. adjusted close,6. volume,7. dividend amount,8. split coefficient
11,2020-09-30,104.73,106.28,103.47,104.66,104.66,521722.0,0.0,1.0
12,2020-09-29,104.98,105.71,104.04,104.44,104.44,269404.0,0.0,1.0
13,2020-09-28,106.15,107.39,105.125,105.44,105.44,400768.0,0.0,1.0
14,2020-09-25,100.5,104.55,100.29,104.17,104.17,472405.0,0.0,1.0
15,2020-09-24,102.29,103.24,99.55,101.48,101.48,468562.0,0.0,1.0
16,2020-09-23,107.61,109.06,102.83,102.9,102.9,358224.0,0.0,1.0
17,2020-09-22,106.85,108.5531,106.66,107.51,107.51,298438.0,0.0,1.0
18,2020-09-21,109.16,109.46,106.01,106.8,106.8,398821.0,0.0,1.0
19,2020-09-18,112.01,113.77,110.83,111.35,111.35,901516.0,0.0,1.0
20,2020-09-17,110.5,113.93,109.68,112.22,112.22,467574.0,0.0,1.0
21,2020-09-16,109.84,113.01,109.29,111.68,111.68,363463.0,0.0,1.0
22,2020-09-15,110.15,111.15,109.005,109.65,109.65,457054.0,0.0,1.0
23,2020-09-14,109.33,110.2846,108.58,110.02,110.02,415192.0,0.0,1.0
24,2020-09-11,107.21,109.34,106.893,109.01,109.01,363985.0,0.0,1.0
25,2020-09-10,109.37,110.64,107.14,107.2,107.2,345583.0,0.0,1.0
26,2020-09-09,110.75,110.75,108.27,108.61,108.61,461113.0,0.0,1.0
27,2020-09-08,110.56,110.96,107.84,109.49,109.49,407400.0,0.0,1.0
28,2020-09-04,114.52,114.83,109.41,111.44,111.44,457095.0,0.0,1.0
29,2020-09-03,114.95,115.42,111.74,113.49,113.49,705153.0,0.0,1.0
30,2020-09-02,112.0,114.99,111.46,114.51,114.51,510522.0,0.0,1.0
31,2020-09-01,109.28,112.6,108.68,111.98,111.98,414299.0,0.0,1.0
32,2020-08-31,109.74,110.37,108.965,109.92,109.92,392756.0,0.0,1.0
33,2020-08-28,109.21,110.66,108.96,110.59,110.59,391190.0,0.0,1.0
34,2020-08-27,107.53,109.29,107.0,108.25,108.25,678753.0,0.0,1.0
35,2020-08-26,109.0,109.2,101.7,106.15,106.15,860704.0,0.0,1.0
36,2020-08-25,110.73,112.13,109.5391,110.34,110.34,604268.0,0.0,1.0
37,2020-08-24,106.85,110.7,106.15,110.66,110.66,465106.0,0.0,1.0
38,2020-08-21,105.55,106.59,105.24,105.8,105.8,221844.0,0.0,1.0
39,2020-08-20,105.67,106.19,103.92,106.02,106.02,266880.0,0.0,1.0
40,2020-08-19,105.45,107.7,104.24,106.64,106.64,435205.0,0.0,1.0
41,2020-08-18,105.25,105.65,103.755,105.26,105.26,216110.0,0.0,1.0
42,2020-08-17,107.28,107.28,105.14,105.24,105.24,392971.0,0.0,1.0
43,2020-08-14,105.39,107.095,105.37,106.57,106.57,201689.0,0.0,1.0
44,2020-08-13,103.8,106.75,103.04,105.96,105.96,329219.0,0.0,1.0
45,2020-08-12,106.44,106.44,102.89,104.71,104.71,352372.0,0.0,1.0
46,2020-08-11,104.84,108.06,103.71,103.85,103.85,641996.0,0.0,1.0
47,2020-08-10,100.77,103.0,100.68,102.89,102.89,290216.0,0.0,1.0
48,2020-08-07,100.11,100.83,99.67,100.39,100.39,204501.0,0.0,1.0
49,2020-08-06,99.86,100.75,99.33,100.51,100.51,279927.0,0.0,1.0
50,2020-08-05,98.5,101.025,97.62,100.08,100.08,409981.0,0.0,1.0
51,2020-08-04,96.53,97.79,96.08,97.58,97.58,257082.0,0.0,1.0
52,2020-08-03,96.13,96.48,93.33,96.43,96.43,290851.0,0.0,1.0
53,2020-07-31,96.11,96.12,94.11,96.12,96.12,245257.0,0.0,1.0
54,2020-07-30,94.99,96.6,94.07,95.77,95.77,255245.0,0.0,1.0
55,2020-07-29,95.19,96.03,94.27,95.86,95.86,324777.0,0.0,1.0
56,2020-07-28,93.95,95.67,93.59,94.29,94.29,197359.0,0.0,1.0
57,2020-07-27,95.19,95.86,93.821,94.26,94.26,256558.0,0.0,1.0
58,2020-07-24,97.21,97.21,95.05,95.45,95.45,263263.0,0.0,1.0
59,2020-07-23,98.37,99.32,96.5,97.27,97.27,260032.0,0.0,1.0
60,2020-07-22,97.0,98.7,96.85,98.67,98.67,191431.0,0.0,1.0
61,2020-07-21,98.78,99.45,96.92,97.26,97.26,278604.0,0.0,1.0
62,2020-07-20,97.34,98.45,96.97,97.68,97.68,336860.0,0.0,1.0
63,2020-07-17,97.47,98.29,96.8,97.78,97.78,425800.0,0.0,1.0
64,2020-07-16,95.62,97.52,95.34,96.69,96.69,335000.0,0.0,1.0
65,2020-07-15,96.5,97.92,95.87,96.67,96.67,331400.0,0.0,1.0
66,2020-07-14,93.42,94.56,92.45,94.48,94.48,292900.0,0.0,1.0
67,2020-07-13,95.95,96.61,93.2,93.63,93.63,416900.0,0.0,1.0
68,2020-07-10,94.62,95.63,93.94,94.84,94.84,301500.0,0.0,1.0
69,2020-07-09,98.64,98.64,94.2,94.87,94.87,392200.0,0.0,1.0
70,2020-07-08,97.94,99.56,97.47,99.1,99.1,269100.0,0.0,1.0
71,2020-07-07,99.73,101.05,97.62,97.76,97.76,372700.0,0.0,1.0
72,2020-07-06,101.7,102.21,99.76,100.75,100.75,276400.0,0.0,1.0
73,2020-07-02,102.53,103.37,98.87,99.88,99.88,303100.0,0.0,1.0
74,2020-07-01,99.98,103.03,99.73,100.75,100.75,443600.0,0.0,1.0
75,2020-06-30,99.4,100.36,98.16,99.65,99.65,704300.0,0.08,1.0
76,2020-06-29,96.64,101.14,95.49,100.7,100.6192,607600.0,0.0,1.0
77,2020-06-26,98.64,98.71,94.55,95.15,95.0737,708600.0,0.0,1.0
78,2020-06-25,96.82,99.28,96.43,99.17,99.0904,604600.0,0.0,1.0
79,2020-06-24,104.8,105.01,98.92,98.97,98.8906,648200.0,0.0,1.0
80,2020-06-23,108.07,108.42,105.06,105.08,104.9957,647600.0,0.0,1.0
81,2020-06-22,110.81,111.97,105.79,107.02,106.9342,709600.0,0.0,1.0
82,2020-06-19,112.44,112.47,110.54,111.25,111.1608,1134400.0,0.0,1.0
83,2020-06-18,109.59,112.01,109.05,110.85,110.7611,689400.0,0.0,1.0
84,2020-06-17,110.77,111.97,110.0,111.25,111.1608,704600.0,0.0,1.0
85,2020-06-16,114.55,114.7,109.03,110.77,110.6811,401400.0,0.0,1.0
86,2020-06-15,104.81,109.67,104.5,109.08,108.9925,459500.0,0.0,1.0
87,2020-06-12,110.43,110.74,106.0,109.49,109.4022,802300.0,0.0,1.0
88,2020-06-11,104.19,108.06,103.94,105.17,105.0856,792800.0,0.0,1.0
89,2020-06-10,112.82,113.38,108.96,111.13,111.0409,672600.0,0.0,1.0
90,2020-06-09,113.22,115.91,112.52,113.72,113.6288,377400.0,0.0,1.0
91,2020-06-08,117.67,118.67,116.06,116.72,116.6264,592200.0,0.0,1.0
92,2020-06-05,116.36,119.56,114.06,114.34,114.2483,759300.0,0.0,1.0
93,2020-06-04,110.25,112.18,107.51,110.78,110.6911,554800.0,0.0,1.0
94,2020-06-03,104.2,110.86,104.2,110.37,110.2815,562600.0,0.0,1.0
95,2020-06-02,104.9,104.92,102.83,103.06,102.9773,453500.0,0.0,1.0
96,2020-06-01,101.54,104.34,101.34,103.4,103.3171,597700.0,0.0,1.0
97,2020-05-29,102.51,103.71,100.62,100.76,100.6792,950200.0,0.0,1.0
98,2020-05-28,104.9,109.31,103.78,103.92,103.8366,943000.0,0.0,1.0
99,2020-05-27,109.0,109.78,101.5,105.15,105.0657,1523800.0,0.0,1.0
100,2020-05-26,98.05,100.27,97.32,99.62,99.5401,989500.0,0.0,1.0
101,2020-05-22,93.83,94.45,91.56,93.99,93.9146,603000.0,0.0,1.0
102,2020-05-21,91.97,93.57,90.64,93.11,93.0353,791700.0,0.0,1.0
103,2020-05-20,90.18,91.96,89.63,91.02,90.947,451300.0,0.0,1.0
104,2020-05-19,90.5,91.92,88.4,88.51,88.439,572000.0,0.0,1.0
105,2020-05-18,86.5,91.57,85.72,90.82,90.7471,720700.0,0.0,1.0
106,2020-05-15,84.61,86.76,82.57,83.18,83.1133,999200.0,0.0,1.0
107,2020-05-14,84.21,86.75,81.56,85.95,85.8811,615800.0,0.0,1.0
108,2020-05-13,88.28,88.45,84.87,85.74,85.6712,584500.0,0.0,1.0
109,2020-05-12,90.85,91.81,88.92,88.99,88.9186,589800.0,0.0,1.0
110,2020-05-11,89.53,91.08,88.04,90.36,90.2875,836100.0,0.0,1.0
111,2020-05-08,86.54,90.74,86.54,90.43,90.3575,675500.0,0.0,1.0
112,2020-05-07,83.53,86.18,82.59,85.07,85.0018,471900.0,0.0,1.0
113,2020-05-06,83.21,83.85,80.82,81.28,81.2148,666400.0,0.0,1.0
114,2020-05-05,83.97,85.98,81.93,82.38,82.3139,944200.0,0.0,1.0
115,2020-05-04,81.02,83.03,79.65,82.47,82.4038,647400.0,0.0,1.0
116,2020-05-01,85.79,86.04,81.87,83.15,83.0833,721000.0,0.0,1.0
117,2020-04-30,89.43,90.0,86.47,87.6,87.5297,758900.0,0.0,1.0
118,2020-04-29,87.34,91.12,86.77,90.98,90.907,1123700.0,0.0,1.0
119,2020-04-28,81.05,85.16,80.37,84.73,84.662,1212900.0,0.0,1.0
120,2020-04-27,75.63,79.45,74.25,78.69,78.6269,1264100.0,0.0,1.0
121,2020-04-24,77.69,78.31,75.7,75.7,75.6393,602700.0,0.0,1.0
122,2020-04-23,78.08,80.1,77.3,77.48,77.4178,564800.0,0.0,1.0
123,2020-04-22,77.92,78.0,76.11,77.16,77.0981,450500.0,0.0,1.0
124,2020-04-21,78.65,79.4,75.3,75.69,75.6293,600200.0,0.0,1.0
125,2020-04-20,80.82,82.65,79.49,80.73,80.6652,462800.0,0.0,1.0
126,2020-04-17,79.22,83.74,79.22,82.61,82.5437,875700.0,0.0,1.0
127,2020-04-16,79.72,81.5,75.36,76.2,76.1389,1040700.0,0.0,1.0
128,2020-04-15,76.26,80.43,74.85,79.17,79.1065,963800.0,0.0,1.0
129,2020-04-14,79.83,81.3,77.96,78.07,78.0074,801500.0,0.0,1.0
130,2020-04-13,80.0,80.82,77.23,77.83,77.7676,673700.0,0.0,1.0
131,2020-04-09,87.71,89.33,81.77,82.0,81.9342,1051900.0,0.0,1.0
132,2020-04-08,80.95,86.8,79.58,84.69,84.6221,1065000.0,0.0,1.0
133,2020-04-07,81.65,83.14,77.36,79.37,79.3063,1709000.0,0.0,1.0
134,2020-04-06,71.83,77.39,70.0,76.63,76.5685,712100.0,0.0,1.0
135,2020-04-03,70.33,71.32,67.12,68.08,68.0254,862600.0,0.0,1.0
136,2020-04-02,68.88,72.62,68.5,70.69,70.6333,1382800.0,0.0,1.0
137,2020-04-01,71.84,73.0,67.74,68.83,68.7748,1302900.0,0.0,1.0
138,2020-03-31,75.52,79.12,74.18,74.61,74.5502,1264000.0,0.0,1.0
139,2020-03-30,79.96,80.09,74.46,76.89,76.8283,1100000.0,0.0,1.0
140,2020-03-27,83.7,84.95,80.7,81.71,81.6445,1248900.0,0.0,1.0
141,2020-03-26,80.04,87.33,79.36,87.08,87.0101,1286500.0,0.0,1.0
142,2020-03-25,75.72,83.49,73.35,77.67,77.6077,1229800.0,0.0,1.0
143,2020-03-24,70.43,75.37,69.92,74.57,74.5102,1267100.0,0.0,1.0
144,2020-03-23,67.92,69.29,63.82,66.56,66.5066,1319400.0,0.0,1.0
145,2020-03-20,68.39,78.33,67.02,70.2,70.1437,1917500.0,0.0,1.0
146,2020-03-19,59.02,67.7,57.81,66.39,66.3367,1372000.0,0.0,1.0
147,2020-03-18,63.12,63.99,52.01,61.66,61.6105,2634800.0,0.0,1.0
148,2020-03-17,69.95,70.5,64.91,67.68,67.6257,1623700.0,0.0,1.0
149,2020-03-16,73.53,77.85,69.63,70.51,70.4534,1070200.0,0.0,1.0
150,2020-03-13,85.53,86.27,81.63,84.32,84.2524,1380700.0,0.0,1.0
151,2020-03-12,84.27,87.49,78.48,81.0,80.935,1607300.0,0.0,1.0
152,2020-03-11,96.44,98.32,89.23,90.06,89.9878,1079600.0,0.0,1.0
153,2020-03-10,99.03,100.5,96.21,99.33,99.2503,1022300.0,0.0,1.0
154,2020-03-09,100.23,100.66,94.63,96.67,96.5925,1012100.0,0.0,1.0
155,2020-03-06,108.24,108.24,102.08,105.08,104.9957,1683000.0,0.0,1.0
156,2020-03-05,117.0,117.72,108.9,111.39,111.3006,1656300.0,0.0,1.0
157,2020-03-04,114.47,119.09,113.46,118.97,118.8746,808600.0,0.0,1.0
158,2020-03-03,113.04,116.45,112.37,113.07,112.9793,1137400.0,0.0,1.0
159,2020-03-02,107.86,113.15,107.33,112.7,112.6096,1319600.0,0.0,1.0
160,2020-02-28,104.0,108.83,103.09,107.85,107.7635,2366200.0,0.0,1.0
161,2020-02-27,102.0,105.78,99.42,105.32,105.2355,2159800.0,0.0,1.0
162,2020-02-26,114.51,116.83,103.14,103.33,103.2471,1882900.0,0.0,1.0
163,2020-02-25,119.54,120.48,112.82,113.34,113.2491,1118000.0,0.0,1.0
164,2020-02-24,124.07,124.07,118.89,119.0,118.9045,724000.0,0.0,1.0
165,2020-02-21,126.76,127.44,126.27,126.77,126.6683,520800.0,0.0,1.0
166,2020-02-20,129.77,130.45,126.26,127.23,127.1279,394900.0,0.0,1.0
167,2020-02-19,128.91,130.67,128.91,129.6,129.496,478400.0,0.0,1.0
168,2020-02-18,129.49,130.15,128.6,128.77,128.6667,343700.0,0.0,1.0
169,2020-02-14,128.48,129.87,128.47,129.76,129.6559,254000.0,0.0,1.0
170,2020-02-13,127.0,128.4,126.75,128.23,128.1271,289400.0,0.0,1.0
171,2020-02-12,128.01,128.92,126.09,127.27,127.1679,512800.0,0.0,1.0
172,2020-02-11,129.8,129.99,127.72,128.17,128.0672,337500.0,0.0,1.0
173,2020-02-10,128.49,129.63,128.24,129.35,129.2462,326100.0,0.0,1.0
174,2020-02-07,125.99,128.79,125.34,128.58,128.4769,612200.0,0.0,1.0
175,2020-02-06,125.02,126.15,124.06,126.09,125.9889,239900.0,0.0,1.0
176,2020-02-05,126.3,126.95,124.07,124.92,124.8198,436000.0,0.0,1.0
177,2020-02-04,124.53,126.44,124.53,125.55,125.4493,564800.0,0.0,1.0
178,2020-02-03,122.67,124.36,122.06,123.39,123.291,721000.0,0.0,1.0
179,2020-01-31,123.05,123.17,121.05,122.43,122.3318,561100.0,0.0,1.0
180,2020-01-30,122.19,123.91,121.6,123.11,123.0112,349800.0,0.0,1.0
181,2020-01-29,123.63,123.84,121.93,122.99,122.8913,282900.0,0.0,1.0
182,2020-01-28,122.21,123.46,121.5,123.16,123.0612,290700.0,0.0,1.0
183,2020-01-27,120.92,122.44,120.02,121.79,121.6923,561600.0,0.0,1.0
184,2020-01-24,122.12,124.17,121.78,122.39,122.2918,500000.0,0.0,1.0
185,2020-01-23,122.1,123.1,121.43,121.5,121.4025,419700.0,0.0,1.0
186,2020-01-22,124.06,124.75,121.78,121.94,121.8422,575700.0,0.0,1.0
187,2020-01-21,121.37,123.89,121.37,123.79,123.6907,805100.0,0.0,1.0
188,2020-01-17,121.56,122.06,120.83,121.38,121.2826,324600.0,0.0,1.0
189,2020-01-16,122.19,123.37,120.54,121.47,121.3726,462100.0,0.0,1.0
190,2020-01-15,121.06,122.0,120.68,121.57,121.4725,454200.0,0.0,1.0
191,2020-01-14,121.95,122.13,120.64,120.95,120.853,426200.0,0.0,1.0
192,2020-01-13,120.77,122.41,120.58,122.13,122.032,486200.0,0.0,1.0
193,2020-01-10,122.1,122.13,120.03,120.09,119.9937,437200.0,0.0,1.0
194,2020-01-09,121.62,122.78,121.36,122.1,122.0021,328100.0,0.0,1.0
195,2020-01-08,121.87,122.82,120.19,120.62,120.5232,599800.0,0.08,1.0
196,2020-01-07,121.21,123.26,120.68,122.36,122.1808,518600.0,0.0,1.0
197,2020-01-06,121.44,121.62,120.31,121.44,121.2622,615800.0,0.0,1.0
198,2020-01-03,119.2,120.79,119.09,120.48,120.3036,479600.0,0.0,1.0
199,2020-01-02,114.95,119.8,114.73,119.79,119.6146,876100.0,0.0,1.0
