,date,1. open,2. high,3. low,4. close,5. adjusted close,6. volume,7. dividend amount,8. split coefficient
11,2020-09-30,236.04,240.02,235.92,238.13,238.13,2121030.0,0.0,1.0
12,2020-09-29,237.76,239.29,236.27,236.43,236.43,1178588.0,0.0,1.0
13,2020-09-28,237.91,238.9,236.4,237.05,237.05,1182349.0,0.0,1.0
14,2020-09-25,229.13,233.67,228.47,232.75,232.75,2227321.0,0.0,1.0
15,2020-09-24,233.41,235.48,231.7,234.5,234.5,1391154.0,0.0,1.0
16,2020-09-23,238.13,238.37,232.87,233.15,233.15,1753517.0,0.0,1.0
17,2020-09-22,237.84,238.675,236.17,238.23,238.23,2209154.0,0.0,1.0
18,2020-09-21,239.29,240.61,234.87,238.44,238.44,2180414.0,0.0,1.0
19,2020-09-18,249.32,250.61,245.25,246.1,246.1,2460215.0,0.0,1.0
20,2020-09-17,246.95,250.53,245.9,250.39,250.39,1506477.0,0.0,1.0
21,2020-09-16,250.3,251.885,248.44,248.84,248.84,1635035.0,0.0,1.0
22,2020-09-15,252.1,254.265,250.71,250.73,250.73,1401163.0,0.0,1.0
23,2020-09-14,251.76,253.64,250.58,251.25,251.25,1525089.0,0.0,1.0
24,2020-09-11,249.9,251.43,248.71,250.17,250.17,1382408.0,0.0,1.0
25,2020-09-10,253.32,254.61,247.0,247.29,247.29,1095447.0,0.0,1.0
26,2020-09-09,245.85,253.58,245.85,251.15,251.15,1854851.0,0.0,1.0
27,2020-09-08,243.64,245.95,241.89,243.05,243.05,1849285.0,0.0,1.0
28,2020-09-04,251.1,251.96,243.49,247.7,247.7,2924711.0,0.0,1.0
29,2020-09-03,259.12,259.14,247.3623,250.45,250.45,3305162.0,0.0,1.0
30,2020-09-02,257.44,260.49,255.66,260.23,260.23,2913137.0,0.963,1.0
31,2020-09-01,249.97,257.05,248.55,256.94,255.9927,2286051.0,0.0,1.0
32,2020-08-31,251.66,253.255,249.17,249.74,248.8192,2297848.0,0.0,1.0
33,2020-08-28,251.51,254.08,250.75,253.57,252.6351,959944.0,0.0,1.0
34,2020-08-27,253.76,254.01,250.14,250.93,250.0048,1084045.0,0.0,1.0
35,2020-08-26,249.71,254.25,249.04,252.88,251.9476,844963.0,0.0,1.0
36,2020-08-25,250.44,251.38,249.26,250.08,249.158,1064450.0,0.0,1.0
37,2020-08-24,250.78,250.88,248.63,248.91,247.9923,1363156.0,0.0,1.0
38,2020-08-21,240.44,244.93,240.24,244.3,243.3993,1781117.0,0.0,1.0
39,2020-08-20,244.33,245.7,243.79,245.31,244.4056,1905404.0,0.0,1.0
40,2020-08-19,248.27,249.32,246.6,247.24,246.3284,1626084.0,0.0,1.0
41,2020-08-18,249.74,250.25,246.01,246.88,245.9698,1013374.0,0.0,1.0
42,2020-08-17,249.64,250.58,247.49,248.43,247.5141,962461.0,0.0,1.0
43,2020-08-14,247.89,249.55,247.385,248.5,247.5838,979275.0,0.0,1.0
44,2020-08-13,247.21,249.92,247.21,249.24,248.3211,1147657.0,0.0,1.0
45,2020-08-12,247.91,251.0,247.36,248.63,247.7133,1323336.0,0.0,1.0
46,2020-08-11,247.58,248.24,244.49,244.85,243.9473,1506541.0,0.0,1.0
47,2020-08-10,242.89,243.99,241.7,243.34,242.4428,1159053.0,0.0,1.0
48,2020-08-07,244.78,245.67,243.69,245.31,244.4056,1750144.0,0.0,1.0
49,2020-08-06,247.47,248.0,244.6665,246.66,245.7506,1938788.0,0.0,1.0
50,2020-08-05,247.5,251.3575,246.76,248.27,247.3546,2169198.0,0.0,1.0
51,2020-08-04,242.45,245.5,242.03,243.85,242.9509,2435529.0,0.0,1.0
52,2020-08-03,247.6,248.11,244.09,244.31,243.4092,2577723.0,0.0,1.0
53,2020-07-31,246.84,247.1,241.45,245.11,244.2063,2755384.0,0.0,1.0
54,2020-07-30,240.75,242.98,237.05,242.02,241.1277,1855498.0,0.0,1.0
55,2020-07-29,244.71,245.62,243.64,244.71,243.8078,1968067.0,0.0,1.0
56,2020-07-28,247.11,247.59,243.58,243.7,242.8015,1677387.0,0.0,1.0
57,2020-07-27,246.05,248.875,245.245,246.86,245.9498,1469155.0,0.0,1.0
58,2020-07-24,242.99,244.86,242.53,244.07,243.1701,1304378.0,0.0,1.0
59,2020-07-23,245.54,248.25,244.6,245.98,245.0731,1068908.0,0.0,1.0
60,2020-07-22,244.55,246.35,242.36,245.34,244.4354,1390578.0,0.0,1.0
61,2020-07-21,243.7,245.99,243.01,244.0,243.1004,1686900.0,0.0,1.0
62,2020-07-20,242.56,243.88,239.84,240.32,239.434,1966500.0,0.0,1.0
63,2020-07-17,241.32,243.67,240.98,242.6,241.7056,1900900.0,0.0,1.0
64,2020-07-16,245.17,245.52,237.47,238.89,238.0092,3216400.0,0.0,1.0
65,2020-07-15,240.73,241.18,235.6,237.63,236.7539,2616100.0,0.0,1.0
66,2020-07-14,225.73,233.89,225.49,233.13,232.2705,2554800.0,0.0,1.0
67,2020-07-13,227.92,230.89,225.78,225.82,224.9874,1498000.0,0.0,1.0
68,2020-07-10,224.21,226.59,223.11,225.95,225.1169,1448300.0,0.0,1.0
69,2020-07-09,225.66,226.33,220.27,221.95,221.1317,2312400.0,0.0,1.0
70,2020-07-08,226.31,227.49,218.64,221.52,220.7033,3063600.0,0.0,1.0
71,2020-07-07,222.74,225.88,222.38,224.53,223.7022,2171600.0,0.0,1.0
72,2020-07-06,225.0,225.59,221.62,224.65,223.8217,2860700.0,0.0,1.0
73,2020-07-02,218.52,222.03,218.52,221.26,220.4442,2837900.0,0.0,1.0
74,2020-07-01,211.55,215.65,210.73,214.77,213.9782,2126100.0,0.0,1.0
75,2020-06-30,209.64,213.57,209.45,212.11,211.328,1697400.0,0.0,1.0
76,2020-06-29,209.92,212.23,208.21,211.28,210.501,1406077.0,0.0,1.0
77,2020-06-26,208.86,209.11,204.59,206.82,206.0575,2794600.0,0.0,1.0
78,2020-06-25,205.7,209.39,204.02,209.14,208.3689,1163300.0,0.0,1.0
79,2020-06-24,208.99,210.16,204.8,206.07,205.3102,2068500.0,0.0,1.0
80,2020-06-23,214.84,215.2,212.24,212.37,211.587,2044300.0,0.0,1.0
81,2020-06-22,208.81,210.7,207.73,209.97,209.1959,1510800.0,0.0,1.0
82,2020-06-19,211.72,211.75,205.27,208.05,207.2829,4635000.0,0.0,1.0
83,2020-06-18,208.97,210.2,207.0,208.16,207.3925,1563800.0,0.0,1.0
84,2020-06-17,210.08,210.28,206.84,207.48,206.715,1577400.0,0.0,1.0
85,2020-06-16,208.12,209.68,204.63,208.28,207.5121,1878100.0,0.0,1.0
86,2020-06-15,198.33,204.51,197.26,203.24,202.4907,2142100.0,0.0,1.0
87,2020-06-12,204.59,204.88,198.31,201.94,201.1955,1711900.0,0.0,1.0
88,2020-06-11,209.37,209.9,198.69,199.11,198.3759,2925000.0,0.0,1.0
89,2020-06-10,216.53,216.58,211.98,213.36,212.5734,1750200.0,0.0,1.0
90,2020-06-09,215.33,217.65,213.71,214.23,213.4401,2499400.0,0.0,1.0
91,2020-06-08,220.54,221.99,214.81,216.43,215.632,2970400.0,0.0,1.0
92,2020-06-05,220.03,224.32,219.47,221.28,220.4642,3525600.0,0.0,1.0
93,2020-06-04,213.31,214.25,210.66,212.56,211.7763,1951500.0,0.0,1.0
94,2020-06-03,211.0,213.65,208.92,212.89,212.1051,2155300.0,0.0,1.0
95,2020-06-02,205.03,207.06,204.44,206.26,205.4995,1675100.0,0.963,1.0
96,2020-06-01,202.49,205.92,202.25,205.22,203.5132,1658300.0,0.0,1.0
97,2020-05-29,201.54,203.12,198.98,202.34,200.6571,2354700.0,0.0,1.0
98,2020-05-28,197.89,201.93,196.73,200.04,198.3763,1740200.0,0.0,1.0
99,2020-05-27,194.7,194.75,191.51,193.13,191.5237,1603400.0,0.0,1.0
100,2020-05-26,194.0,195.0,192.31,193.0,191.3948,2214300.0,0.0,1.0
101,2020-05-22,192.42,192.71,190.35,190.87,189.2825,1676000.0,0.0,1.0
102,2020-05-21,195.38,195.82,192.51,193.67,192.0593,1891600.0,0.0,1.0
103,2020-05-20,192.8,197.34,192.66,195.99,194.36,2300400.0,0.0,1.0
104,2020-05-19,191.45,192.25,189.86,190.25,188.6677,1774400.0,0.0,1.0
105,2020-05-18,187.91,193.68,187.68,192.25,190.6511,2105200.0,0.0,1.0
106,2020-05-15,178.01,182.7,177.92,182.59,181.0714,2829400.0,0.0,1.0
107,2020-05-14,173.8,179.36,172.76,179.25,177.7592,2442300.0,0.0,1.0
108,2020-05-13,182.63,182.7,177.71,178.78,177.2931,1857300.0,0.0,1.0
109,2020-05-12,185.04,186.49,182.99,183.09,181.5672,1741100.0,0.0,1.0
110,2020-05-11,184.57,187.38,184.45,186.86,185.3059,1894700.0,0.0,1.0
111,2020-05-08,184.91,188.41,184.75,188.41,186.843,1843100.0,0.0,1.0
112,2020-05-07,178.03,185.9,177.45,184.79,183.2531,2295100.0,0.0,1.0
113,2020-05-06,182.41,182.98,178.8,178.95,177.4617,1336100.0,0.0,1.0
114,2020-05-05,183.0,185.05,181.86,182.01,180.4962,1171900.0,0.0,1.0
115,2020-05-04,179.48,183.22,178.61,182.66,181.1408,1828000.0,0.0,1.0
116,2020-05-01,184.25,185.1,179.78,180.33,178.8302,1169200.0,0.0,1.0
117,2020-04-30,185.38,186.19,183.14,183.99,182.4598,2104400.0,0.0,1.0
118,2020-04-29,188.01,190.2,187.67,188.69,187.1207,1282300.0,0.0,1.0
119,2020-04-28,187.96,188.11,185.48,186.88,185.3257,1896700.0,0.0,1.0
120,2020-04-27,182.64,185.62,181.94,184.58,183.0449,1542000.0,0.0,1.0
121,2020-04-24,182.04,182.76,178.85,181.47,179.9607,1187700.0,0.0,1.0
122,2020-04-23,180.73,185.22,180.35,181.3,179.7921,1249900.0,0.0,1.0
123,2020-04-22,180.88,182.89,180.02,181.6,180.0896,1376400.0,0.0,1.0
124,2020-04-21,181.67,182.67,176.6,178.88,177.3923,2010000.0,0.0,1.0
125,2020-04-20,184.87,189.6,184.41,185.0,183.4614,1598100.0,0.0,1.0
126,2020-04-17,187.82,188.9,185.97,188.55,186.9818,2634400.0,0.0,1.0
127,2020-04-16,181.79,183.7,178.88,183.13,181.6069,1806700.0,0.0,1.0
128,2020-04-15,182.15,183.45,179.32,181.15,179.6434,2025500.0,0.0,1.0
129,2020-04-14,188.75,190.91,187.73,189.84,188.2611,2372800.0,0.0,1.0
130,2020-04-13,186.45,188.53,183.76,186.11,184.5621,2087700.0,0.0,1.0
131,2020-04-09,183.31,190.05,183.25,189.48,187.9041,3206800.0,0.0,1.0
132,2020-04-08,180.59,187.43,178.75,186.94,185.3852,2495400.0,0.0,1.0
133,2020-04-07,181.54,185.45,178.64,179.94,178.4434,3097600.0,0.0,1.0
134,2020-04-06,169.61,177.05,169.52,175.92,174.4569,3604000.0,0.0,1.0
135,2020-04-03,163.25,165.75,161.26,162.13,160.7816,2665700.0,0.0,1.0
136,2020-04-02,160.15,166.74,159.41,164.09,162.7253,3369800.0,0.0,1.0
137,2020-04-01,165.62,168.51,160.22,160.87,159.5321,3822000.0,0.0,1.0
138,2020-03-31,172.7,177.25,170.61,173.0,171.5612,3142300.0,0.0,1.0
139,2020-03-30,172.26,177.29,170.84,176.8,175.3296,2480500.0,0.0,1.0
140,2020-03-27,167.33,171.06,166.21,167.34,165.9482,2301600.0,0.0,1.0
141,2020-03-26,169.27,175.0,168.69,174.19,172.7413,2726000.0,0.0,1.0
142,2020-03-25,163.07,175.46,161.34,165.3,163.9252,3258400.0,0.0,1.0
143,2020-03-24,159.29,166.84,157.0,164.81,163.4393,3423100.0,0.0,1.0
144,2020-03-23,149.78,155.36,146.8,150.0,148.7525,4434000.0,0.0,1.0
145,2020-03-20,154.1,157.94,148.05,151.3,150.0416,4699900.0,0.0,1.0
146,2020-03-19,151.47,158.81,148.81,154.01,152.7291,4296100.0,0.0,1.0
147,2020-03-18,153.39,160.16,149.64,157.51,156.2,4723900.0,0.0,1.0
148,2020-03-17,156.76,165.64,155.66,163.88,162.517,4956600.0,0.0,1.0
149,2020-03-16,148.72,163.64,146.71,158.35,157.033,7079300.0,0.0,1.0
150,2020-03-13,173.38,177.15,161.35,176.5,175.0321,6386900.0,0.0,1.0
151,2020-03-12,163.4,169.95,157.0,158.02,156.7058,6340400.0,0.0,1.0
152,2020-03-11,173.46,176.66,172.54,173.92,172.4735,4315300.0,0.0,1.0
153,2020-03-10,176.48,177.42,167.52,176.21,174.7445,5604100.0,0.0,1.0
154,2020-03-09,175.06,180.38,172.32,173.13,171.6901,4822700.0,0.0,1.0
155,2020-03-06,192.13,192.66,185.76,189.2,187.6264,4466800.0,0.0,1.0
156,2020-03-05,197.74,199.48,195.07,196.51,194.8756,3204300.0,0.963,1.0
157,2020-03-04,198.4,205.75,197.37,205.53,202.8267,2755600.0,0.0,1.0
158,2020-03-03,198.02,201.84,192.34,195.39,192.82,4063300.0,0.0,1.0
159,2020-03-02,191.3,198.3,189.41,198.15,195.5437,3489600.0,0.0,1.0
160,2020-02-28,190.81,192.83,185.95,191.01,188.4976,5555300.0,0.0,1.0
161,2020-02-27,199.87,203.37,194.9,194.95,192.3858,3685500.0,0.0,1.0
162,2020-02-26,203.3,206.92,202.58,203.41,200.7345,2711200.0,0.0,1.0
163,2020-02-25,209.18,209.7,200.85,201.65,198.9977,2743100.0,0.0,1.0
164,2020-02-24,211.15,212.32,209.6,210.55,207.7806,2020400.0,0.0,1.0
165,2020-02-21,219.99,220.3,218.24,218.34,215.4682,1660100.0,0.0,1.0
166,2020-02-20,220.45,222.36,218.03,221.2,218.2906,1534700.0,0.0,1.0
167,2020-02-19,223.02,223.55,221.87,222.48,219.5537,1590100.0,0.0,1.0
168,2020-02-18,224.04,224.59,222.87,223.55,220.6096,1524700.0,0.0,1.0
169,2020-02-14,221.64,223.1,221.22,222.64,219.7116,1280300.0,0.0,1.0
170,2020-02-13,222.3,227.85,221.14,221.26,218.3498,2231800.0,0.0,1.0
171,2020-02-12,217.12,217.42,215.51,217.2,214.3432,1238000.0,0.0,1.0
172,2020-02-11,217.58,218.84,215.98,216.22,213.3761,1385500.0,0.0,1.0
173,2020-02-10,214.89,215.73,214.12,215.44,212.6063,1435600.0,0.0,1.0
174,2020-02-07,214.78,215.69,212.73,214.16,211.3431,995300.0,0.0,1.0
175,2020-02-06,216.79,217.42,215.07,216.75,213.8991,2234200.0,0.0,1.0
176,2020-02-05,217.12,217.12,213.26,216.74,213.8892,2970077.0,0.0,1.0
177,2020-02-04,210.81,214.85,210.62,213.5,210.6918,2369400.0,0.0,1.0
178,2020-02-03,203.77,210.05,203.58,209.44,206.6852,2912300.0,0.0,1.0
179,2020-01-31,205.63,206.34,202.97,203.13,200.4582,1909700.0,0.0,1.0
180,2020-01-30,206.47,208.57,205.46,208.23,205.4911,1381321.0,0.0,1.0
181,2020-01-29,208.13,209.44,207.66,208.23,205.4911,982700.0,0.0,1.0
182,2020-01-28,205.43,208.93,205.18,207.88,205.1458,1229400.0,0.0,1.0
183,2020-01-27,205.22,206.3,204.09,204.88,202.1852,1947800.0,0.0,1.0
184,2020-01-24,210.0,212.3,208.82,209.99,207.228,1541600.0,0.0,1.0
185,2020-01-23,208.42,209.65,207.52,209.62,206.8629,1400700.0,0.0,1.0
186,2020-01-22,211.2,211.95,210.45,211.08,208.3037,966900.0,0.0,1.0
187,2020-01-21,211.7,212.74,211.18,211.73,208.9451,1384500.0,0.0,1.0
188,2020-01-17,213.19,214.42,212.84,214.1,211.2839,1903700.0,0.0,1.0
189,2020-01-16,212.88,213.07,211.78,213.06,210.2576,1302600.0,0.0,1.0
190,2020-01-15,210.99,212.08,210.35,211.44,208.6589,1078200.0,0.0,1.0
191,2020-01-14,211.27,212.12,209.14,209.96,207.1984,2107300.0,0.0,1.0
192,2020-01-13,209.79,211.93,209.33,211.8,209.0142,1225700.0,0.0,1.0
193,2020-01-10,210.74,211.83,208.93,209.08,206.33,1217600.0,0.0,1.0
194,2020-01-09,208.08,209.74,207.81,208.85,206.103,1086100.0,0.0,1.0
195,2020-01-08,205.27,208.19,205.1,207.39,204.6622,1327300.0,0.0,1.0
196,2020-01-07,204.81,206.75,204.25,204.83,202.1359,2589200.0,0.0,1.0
197,2020-01-06,204.6,206.35,204.19,204.39,201.7017,2395300.0,0.0,1.0
198,2020-01-03,207.4,209.05,205.17,205.26,202.5602,2899300.0,0.0,1.0
199,2020-01-02,213.58,214.45,210.46,210.74,207.9681,2604100.0,0.0,1.0
