,date,1. open,2. high,3. low,4. close,5. adjusted close,6. volume,7. dividend amount,8. split coefficient
11,2020-09-30,82.26,83.32,82.02,82.95,82.95,11062669.0,0.0,1.0
12,2020-09-29,82.675,83.15,81.7,81.9,81.9,6433703.0,0.0,1.0
13,2020-09-28,83.2,83.7,82.56,82.76,82.76,5843200.0,0.0,1.0
14,2020-09-25,82.15,83.24,81.8,82.93,82.93,6614914.0,0.0,1.0
15,2020-09-24,82.1,83.48,81.85,83.15,83.15,7484953.0,0.0,1.0
16,2020-09-23,83.09,83.8196,82.58,82.63,82.63,6761636.0,0.0,1.0
17,2020-09-22,83.1,83.57,82.2,82.94,82.94,7770238.0,0.0,1.0
18,2020-09-21,84.92,85.34,82.09,83.13,83.13,9967055.0,0.0,1.0
19,2020-09-18,85.57,86.3,84.94,85.81,85.81,11744659.0,0.0,1.0
20,2020-09-17,85.38,85.77,84.45,85.64,85.64,7719928.0,0.0,1.0
21,2020-09-16,84.5,86.095,84.5,85.57,85.57,9905007.0,0.0,1.0
22,2020-09-15,84.73,85.165,83.65,84.21,84.21,10330789.0,0.0,1.0
23,2020-09-14,84.2,85.095,83.73,84.16,84.16,8183210.0,0.61,1.0
24,2020-09-11,83.84,84.88,83.78,84.48,83.8721,6842757.0,0.0,1.0
25,2020-09-10,84.73,84.88,83.28,83.57,82.9686,6591165.0,0.0,1.0
26,2020-09-09,83.77,85.82,83.6627,84.88,84.2692,8456456.0,0.0,1.0
27,2020-09-08,85.94,85.94,83.0,83.33,82.7304,8679014.0,0.0,1.0
28,2020-09-04,85.55,86.89,84.254,85.24,84.6266,8931420.0,0.0,1.0
29,2020-09-03,87.69,87.8,84.94,85.49,84.8748,12389024.0,0.0,1.0
30,2020-09-02,84.48,87.21,84.27,86.93,86.3045,11041565.0,0.0,1.0
31,2020-09-01,85.35,85.8,83.92,84.43,83.8224,6486619.0,0.0,1.0
32,2020-08-31,85.6,85.93,85.14,85.27,84.6564,7566416.0,0.0,1.0
33,2020-08-28,85.88,85.88,84.9098,85.65,85.0337,5853145.0,0.0,1.0
34,2020-08-27,85.45,86.16,85.08,85.82,85.2024,6168751.0,0.0,1.0
35,2020-08-26,85.31,85.68,84.66,85.54,84.9245,7485169.0,0.0,1.0
36,2020-08-25,85.91,86.29,85.2,85.68,85.0635,9776744.0,0.0,1.0
37,2020-08-24,85.2,85.47,84.48,85.42,84.8053,7234978.0,0.0,1.0
38,2020-08-21,85.1,85.18,84.12,84.98,84.3685,6574964.0,0.0,1.0
39,2020-08-20,84.8,85.31,84.3855,85.03,84.4181,6088218.0,0.0,1.0
40,2020-08-19,84.56,85.71,84.56,85.03,84.4181,6580198.0,0.0,1.0
41,2020-08-18,84.89,85.01,83.77,84.56,83.9515,6251773.0,0.0,1.0
42,2020-08-17,84.28,85.18,84.01,84.76,84.1501,7975454.0,0.0,1.0
43,2020-08-14,83.38,84.43,83.17,83.48,82.8793,7051978.0,0.0,1.0
44,2020-08-13,82.13,83.63,82.0133,83.54,82.9389,7113849.0,0.0,1.0
45,2020-08-12,81.37,82.91,81.34,82.68,82.085,6962679.0,0.0,1.0
46,2020-08-11,81.75,81.87,80.63,80.91,80.3278,7287065.0,0.0,1.0
47,2020-08-10,81.01,81.21,80.3,80.91,80.3278,5517577.0,0.0,1.0
48,2020-08-07,80.79,81.02,80.03,81.02,80.437,6657998.0,0.0,1.0
49,2020-08-06,81.46,82.39,80.58,81.05,80.4668,6924188.0,0.0,1.0
50,2020-08-05,82.07,82.47,81.15,81.64,81.0525,6198438.0,0.0,1.0
51,2020-08-04,82.55,82.55,81.07,81.67,81.0823,6888062.0,0.0,1.0
52,2020-08-03,82.15,83.8,81.86,82.54,81.946,10118572.0,0.0,1.0
53,2020-07-31,80.89,81.68,79.15,80.24,79.6626,11726443.0,0.0,1.0
54,2020-07-30,78.73,79.28,77.63,78.99,78.4216,6824952.0,0.0,1.0
55,2020-07-29,79.25,79.74,78.74,79.35,78.779,6105298.0,0.0,1.0
56,2020-07-28,79.19,80.21,78.97,79.69,79.1166,8105844.0,0.0,1.0
57,2020-07-27,76.41,79.14,76.31,78.93,78.362,10456552.0,0.0,1.0
58,2020-07-24,77.85,77.99,76.36,77.1,76.5452,8653360.0,0.0,1.0
59,2020-07-23,79.15,79.2,77.51,78.06,77.4983,11029496.0,0.0,1.0
60,2020-07-22,79.32,79.755,78.02,78.78,78.2131,11795937.0,0.0,1.0
61,2020-07-21,79.72,80.12,78.79,78.89,78.3223,8626195.0,0.0,1.0
62,2020-07-20,79.87,80.2,79.07,79.41,78.8386,5183897.0,0.0,1.0
63,2020-07-17,79.72,80.25,79.31,79.87,79.2953,7815403.0,0.0,1.0
64,2020-07-16,79.78,79.81,78.75,79.4,78.8286,5582830.0,0.0,1.0
65,2020-07-15,79.24,79.97,78.84,79.44,78.8684,7354885.0,0.0,1.0
66,2020-07-14,77.54,78.61,77.36,78.25,77.6869,8054003.0,0.0,1.0
67,2020-07-13,77.0,78.58,76.73,77.35,76.7934,7742394.0,0.0,1.0
68,2020-07-10,76.75,77.35,76.4,76.73,76.1779,4924149.0,0.0,1.0
69,2020-07-09,77.94,78.35,76.04,76.69,76.1381,7599882.0,0.0,1.0
70,2020-07-08,78.63,78.96,77.48,77.92,77.3593,7835155.0,0.0,1.0
71,2020-07-07,79.0,79.68,78.59,78.72,78.1535,6637753.0,0.0,1.0
72,2020-07-06,79.24,80.02,78.9,79.58,79.0073,7686855.0,0.0,1.0
73,2020-07-02,78.57,79.31,78.22,78.78,78.2131,6513311.0,0.0,1.0
74,2020-07-01,77.43,78.94,77.12,78.12,77.5579,9496313.0,0.0,1.0
75,2020-06-30,76.75,77.66,76.2,77.33,76.7735,9483835.0,0.0,1.0
76,2020-06-29,75.9,76.51,75.52,76.12,75.5722,6899781.0,0.0,1.0
77,2020-06-26,76.35,76.73,75.0,75.19,74.6489,11764211.0,0.0,1.0
78,2020-06-25,75.65,76.96,75.31,76.57,76.019,7234697.0,0.0,1.0
79,2020-06-24,76.73,76.89,75.45,75.87,75.324,7710139.0,0.0,1.0
80,2020-06-23,77.5,78.62,76.89,77.12,76.565,10904265.0,0.0,1.0
81,2020-06-22,77.37,77.63,76.43,76.75,76.1977,7129085.0,0.0,1.0
82,2020-06-19,77.13,77.98,75.81,77.9,77.3394,16880999.0,0.0,1.0
83,2020-06-18,75.63,76.28,75.36,76.22,75.6715,7320954.0,0.0,1.0
84,2020-06-17,77.36,77.45,75.63,76.29,75.741,13341024.0,0.0,1.0
85,2020-06-16,75.38,77.41,74.83,76.97,76.4161,20455051.0,0.0,1.0
86,2020-06-15,74.91,75.37,73.57,74.02,73.4874,16873678.0,0.0,1.0
87,2020-06-12,77.89,77.93,75.47,76.3,75.7509,16218182.0,0.61,1.0
88,2020-06-11,80.81,81.66,77.35,77.35,76.1843,13642394.0,0.0,1.0
89,2020-06-10,82.44,82.78,80.99,81.77,80.5377,8660053.0,0.0,1.0
90,2020-06-09,83.19,83.51,82.12,82.26,81.0203,8439541.0,0.0,1.0
91,2020-06-08,81.15,83.2,81.15,82.9,81.6507,9499159.0,0.0,1.0
92,2020-06-05,82.11,83.13,81.49,82.26,81.0203,9932540.0,0.0,1.0
93,2020-06-04,81.27,82.16,80.84,81.55,80.321,8866287.0,0.0,1.0
94,2020-06-03,81.0,82.35,80.86,82.06,80.8233,13038684.0,0.0,1.0
95,2020-06-02,79.54,80.86,78.83,80.84,79.6217,10824229.0,0.0,1.0
96,2020-06-01,80.18,80.46,79.13,79.56,78.361,5981980.0,0.0,1.0
97,2020-05-29,79.46,80.94,78.31,80.72,79.5035,12896597.0,0.0,1.0
98,2020-05-28,78.6,80.29,78.51,79.04,77.8489,12577234.0,0.0,1.0
99,2020-05-27,77.0,77.64,76.0,77.55,76.3813,12233800.0,0.0,1.0
100,2020-05-26,78.26,78.6,76.91,77.26,76.0957,18246755.0,0.0,1.0
101,2020-05-22,76.17,76.66,76.07,76.37,75.2191,6064231.0,0.0,1.0
102,2020-05-21,76.76,77.03,76.27,76.55,75.3964,8586456.0,0.0,1.0
103,2020-05-20,78.03,78.24,76.68,76.89,75.7313,10519413.0,0.0,1.0
104,2020-05-19,79.47,79.73,77.35,77.55,76.3813,10106292.0,0.0,1.0
105,2020-05-18,81.0,81.0,79.23,79.72,78.5186,11977378.0,0.0,1.0
106,2020-05-15,80.11,80.55,78.83,79.78,78.5777,8937027.0,0.0,1.0
107,2020-05-14,77.28,80.13,77.26,80.05,78.8436,10883086.0,0.0,1.0
108,2020-05-13,76.66,78.8,76.58,77.89,76.7162,10428878.0,0.0,1.0
109,2020-05-12,78.15,78.7,77.12,77.19,76.0267,9104590.0,0.0,1.0
110,2020-05-11,76.03,78.07,75.92,77.91,76.7359,10134455.0,0.0,1.0
111,2020-05-08,76.5,76.96,75.97,76.4,75.2486,8389026.0,0.0,1.0
112,2020-05-07,77.0,77.12,75.43,75.6,74.4607,12025094.0,0.0,1.0
113,2020-05-06,78.35,78.64,77.08,77.12,75.9578,11845289.0,0.0,1.0
114,2020-05-05,77.25,78.8,76.77,78.01,76.8344,7060457.0,0.0,1.0
115,2020-05-04,78.02,78.03,76.22,76.86,75.7017,8444853.0,0.0,1.0
116,2020-05-01,78.86,78.86,76.93,77.67,76.4995,9082596.0,0.0,1.0
117,2020-04-30,79.82,80.4,79.14,79.34,78.1443,11101384.0,0.0,1.0
118,2020-04-29,82.19,82.19,79.03,80.77,79.5528,13054902.0,0.0,1.0
119,2020-04-28,81.18,82.23,80.17,81.18,79.9566,19342011.0,0.0,1.0
120,2020-04-27,81.23,84.67,80.83,83.98,82.7144,12195710.0,0.0,1.0
121,2020-04-24,81.6,82.1,81.02,81.43,80.2028,7334311.0,0.0,1.0
122,2020-04-23,80.19,81.88,80.17,80.88,79.6611,7778327.0,0.0,1.0
123,2020-04-22,79.2,80.65,78.83,79.98,78.7747,11386870.0,0.0,1.0
124,2020-04-21,81.62,82.3,78.21,78.56,77.3761,17055178.0,0.0,1.0
125,2020-04-20,82.82,84.13,80.76,83.1,81.8477,11140487.0,0.0,1.0
126,2020-04-17,83.95,84.16,82.44,83.46,82.2022,14725813.0,0.0,1.0
127,2020-04-16,82.65,83.33,82.26,83.0,81.7492,8715648.0,0.0,1.0
128,2020-04-15,81.23,82.96,80.56,82.07,80.8332,10312632.0,0.0,1.0
129,2020-04-14,82.33,83.2,80.73,82.84,81.5916,11590464.0,0.0,1.0
130,2020-04-13,81.82,82.47,79.83,80.54,79.3262,7348940.0,0.0,1.0
131,2020-04-09,81.17,83.29,80.18,82.49,81.2469,13241001.0,0.0,1.0
132,2020-04-08,79.18,83.0,78.34,81.62,80.39,10952629.0,0.0,1.0
133,2020-04-07,81.68,81.97,78.4,78.56,77.3761,10169214.0,0.0,1.0
134,2020-04-06,78.33,80.85,77.9,80.31,79.0997,13657079.0,0.0,1.0
135,2020-04-03,76.28,77.44,75.32,76.25,75.1009,9579376.0,0.0,1.0
136,2020-04-02,75.98,77.12,74.03,76.87,75.7116,12254918.0,0.0,1.0
137,2020-04-01,74.66,75.47,72.99,73.8,72.6878,11133204.0,0.0,1.0
138,2020-03-31,76.25,77.6,75.52,76.94,75.7805,14388678.0,0.0,1.0
139,2020-03-30,73.62,77.59,72.88,76.95,75.7903,15077431.0,0.0,1.0
140,2020-03-27,71.8,73.43,71.25,71.73,70.649,11894981.0,0.0,1.0
141,2020-03-26,68.14,74.18,68.1,73.53,72.4219,17224876.0,0.0,1.0
142,2020-03-25,68.41,70.38,66.75,68.22,67.1919,17471176.0,0.0,1.0
143,2020-03-24,68.99,69.75,67.19,69.05,68.0094,18986681.0,0.0,1.0
144,2020-03-23,70.27,71.61,65.25,66.4,65.3993,17527779.0,0.0,1.0
145,2020-03-20,69.55,72.5,68.5,71.36,70.2846,22018957.0,0.0,1.0
146,2020-03-19,71.35,72.86,68.91,70.73,69.6641,18373586.0,0.0,1.0
147,2020-03-18,71.45,74.66,68.83,71.63,70.5505,16847497.0,0.0,1.0
148,2020-03-17,71.65,76.07,71.38,74.48,73.3576,23602837.0,0.0,1.0
149,2020-03-16,70.77,76.09,67.12,69.92,68.8663,19852681.0,0.0,1.0
150,2020-03-13,76.22,77.23,72.26,76.75,75.5934,24669532.0,0.61,1.0
151,2020-03-12,74.4,78.06,73.26,74.45,72.7498,21531655.0,0.0,1.0
152,2020-03-11,79.83,80.16,78.03,79.25,77.4402,13570010.0,0.0,1.0
153,2020-03-10,80.48,82.18,77.5,82.02,80.1469,16722028.0,0.0,1.0
154,2020-03-09,78.0,80.72,76.99,78.96,77.1568,18067897.0,0.0,1.0
155,2020-03-06,79.97,82.62,79.43,82.2,80.3228,13553147.0,0.0,1.0
156,2020-03-05,81.53,82.77,80.94,81.58,79.717,14329429.0,0.0,1.0
157,2020-03-04,81.5,83.07,79.88,82.97,81.0752,19297894.0,0.0,1.0
158,2020-03-03,81.4,82.4,77.91,79.13,77.3229,16597867.0,0.0,1.0
159,2020-03-02,77.13,81.55,77.08,81.37,79.5118,17976241.0,0.0,1.0
160,2020-02-28,76.68,77.49,74.18,76.56,74.8116,27906598.0,0.0,1.0
161,2020-02-27,80.71,81.75,78.0,78.08,76.2969,15012657.0,0.0,1.0
162,2020-02-26,80.66,81.63,79.77,79.94,78.1144,11393447.0,0.0,1.0
163,2020-02-25,81.53,81.94,79.85,80.27,78.4369,12566934.0,0.0,1.0
164,2020-02-24,80.61,82.59,80.57,81.33,79.4727,13105097.0,0.0,1.0
165,2020-02-21,82.19,82.63,81.71,82.34,80.4596,8869662.0,0.0,1.0
166,2020-02-20,82.22,82.83,81.72,82.49,80.6062,10440021.0,0.0,1.0
167,2020-02-19,83.08,83.11,81.57,82.0,80.1274,11199002.0,0.0,1.0
168,2020-02-18,82.88,83.11,82.26,82.46,80.5769,9558539.0,0.0,1.0
169,2020-02-14,82.23,82.8,81.67,82.65,80.7626,8340508.0,0.0,1.0
170,2020-02-13,82.93,82.93,81.45,81.97,80.0981,18492849.0,0.0,1.0
171,2020-02-12,85.04,85.23,82.9,83.25,81.3489,18728206.0,0.0,1.0
172,2020-02-11,85.86,86.0,84.95,85.25,83.3032,9782087.0,0.0,1.0
173,2020-02-10,85.08,85.98,84.94,85.66,83.7038,10105867.0,0.0,1.0
174,2020-02-07,85.89,85.94,84.83,85.08,83.1371,10896339.0,0.0,1.0
175,2020-02-06,86.02,86.23,85.26,85.68,83.7234,15369229.0,0.0,1.0
176,2020-02-05,84.68,86.74,84.0,85.83,83.8699,27947716.0,0.0,1.0
177,2020-02-04,88.43,89.2,88.06,88.36,86.3422,14378897.0,0.0,1.0
178,2020-02-03,86.04,88.22,86.04,87.34,85.3455,9283673.0,0.0,1.0
179,2020-01-31,86.38,86.67,85.0,85.44,83.4888,9180295.0,0.0,1.0
180,2020-01-30,86.95,87.13,86.2,86.5,84.5246,10511124.0,0.0,1.0
181,2020-01-29,86.6,88.16,86.43,87.24,85.2477,8121430.0,0.0,1.0
182,2020-01-28,86.44,86.71,85.9,86.25,84.2803,9061116.0,0.0,1.0
183,2020-01-27,85.1,86.51,84.71,86.1,84.1338,10349705.0,0.0,1.0
184,2020-01-24,88.63,88.83,85.58,85.98,84.0165,14270030.0,0.0,1.0
185,2020-01-23,89.66,89.66,88.26,88.56,86.5376,12593559.0,0.0,1.0
186,2020-01-22,90.17,90.46,89.62,89.65,87.6027,7443157.0,0.0,1.0
187,2020-01-21,90.72,90.97,89.71,89.97,87.9154,9562330.0,0.0,1.0
188,2020-01-17,91.28,91.63,90.86,90.97,88.8926,9667156.0,0.0,1.0
189,2020-01-16,91.86,92.06,91.05,91.18,89.0978,6919832.0,0.0,1.0
190,2020-01-15,90.1,91.61,90.09,91.54,89.4495,9173658.0,0.0,1.0
191,2020-01-14,89.27,89.93,88.87,89.93,87.8763,8230637.0,0.0,1.0
192,2020-01-13,89.52,89.63,89.02,89.51,87.4659,9791473.0,0.0,1.0
193,2020-01-10,89.72,90.11,89.45,89.53,87.4854,5672992.0,0.0,1.0
194,2020-01-09,88.95,90.05,88.78,89.38,87.3389,9269753.0,0.0,1.0
195,2020-01-08,89.09,89.5,88.41,88.6,86.5767,14504271.0,0.0,1.0
196,2020-01-07,90.8,91.12,89.12,89.2,87.163,10623821.0,0.0,1.0
197,2020-01-06,91.23,91.74,90.99,91.64,89.5473,7173087.0,0.0,1.0
198,2020-01-03,90.68,92.07,90.51,91.25,89.1662,5633278.0,0.0,1.0
199,2020-01-02,91.08,92.14,90.37,92.04,89.9381,7873461.0,0.0,1.0
