,date,1. open,2. high,3. low,4. close,5. adjusted close,6. volume,7. dividend amount,8. split coefficient
11,2020-09-30,51.56,52.82,50.84,51.1,51.1,167518.0,0.0,1.0
12,2020-09-29,51.33,51.53,50.5,51.16,51.16,152998.0,0.0,1.0
13,2020-09-28,49.95,51.55,49.79,51.19,51.19,164621.0,0.0,1.0
14,2020-09-25,48.03,49.83,47.5,49.23,49.23,159413.0,0.0,1.0
15,2020-09-24,47.97,48.77,47.34,48.1,48.1,135475.0,0.0,1.0
16,2020-09-23,48.29,48.93,47.7,47.86,47.86,196285.0,0.0,1.0
17,2020-09-22,47.42,48.58,46.82,48.49,48.49,165079.0,0.0,1.0
18,2020-09-21,48.94,49.02,46.49,47.29,47.29,176222.0,0.0,1.0
19,2020-09-18,50.42,51.26,49.57,49.67,49.67,466984.0,0.0,1.0
20,2020-09-17,49.44,50.43,49.07,50.06,50.06,128642.0,0.0,1.0
21,2020-09-16,50.49,51.22,49.91,50.02,50.02,132416.0,0.0,1.0
22,2020-09-15,49.9,50.73,49.13,50.2,50.2,120943.0,0.0,1.0
23,2020-09-14,49.22,49.73,48.91,49.61,49.61,111248.0,0.0,1.0
24,2020-09-11,49.03,49.37,48.35,48.68,48.68,91015.0,0.0,1.0
25,2020-09-10,49.93,50.08,48.7,48.8,48.8,75688.0,0.0,1.0
26,2020-09-09,49.74,50.11,48.93,49.68,49.68,100224.0,0.0,1.0
27,2020-09-08,50.83,50.86,49.31,49.36,49.36,92684.0,0.0,1.0
28,2020-09-04,51.47,51.76,50.905,51.37,51.37,83019.0,0.0,1.0
29,2020-09-03,52.04,52.68,50.21,50.54,50.54,79885.0,0.0,1.0
30,2020-09-02,51.48,52.3,51.47,52.14,52.14,64519.0,0.0,1.0
31,2020-09-01,50.52,51.56,50.52,51.49,51.49,90544.0,0.0,1.0
32,2020-08-31,52.49,52.49,50.71,50.75,50.75,134887.0,0.0,1.0
33,2020-08-28,52.13,52.79,51.53,52.69,52.69,88304.0,0.0,1.0
34,2020-08-27,52.15,52.15,51.21,51.55,51.55,74097.0,0.0,1.0
35,2020-08-26,52.23,52.73,51.54,51.56,51.56,100634.0,0.0,1.0
36,2020-08-25,52.8,53.01,51.97,52.22,52.22,114579.0,0.0,1.0
37,2020-08-24,51.53,52.71,50.68,52.59,52.59,91727.0,0.0,1.0
38,2020-08-21,50.77,51.3,49.92,50.7,50.7,98753.0,0.0,1.0
39,2020-08-20,50.58,51.57,50.58,51.39,51.39,103548.0,0.05,1.0
40,2020-08-19,51.86,52.45,51.51,51.61,51.5598,67536.0,0.0,1.0
41,2020-08-18,52.58,53.13,51.63,51.77,51.7197,147425.0,0.0,1.0
42,2020-08-17,53.3,53.395,52.24,52.75,52.6987,106447.0,0.0,1.0
43,2020-08-14,52.67,53.52,52.32,53.33,53.2782,111234.0,0.0,1.0
44,2020-08-13,52.88,54.07,52.88,53.27,53.2182,141307.0,0.0,1.0
45,2020-08-12,53.55,53.55,52.36,53.34,53.2882,125342.0,0.0,1.0
46,2020-08-11,53.18,53.965,52.22,52.47,52.419,92279.0,0.0,1.0
47,2020-08-10,51.69,52.75,51.5,52.16,52.1093,133306.0,0.0,1.0
48,2020-08-07,49.5,51.48,49.35,51.41,51.36,102720.0,0.0,1.0
49,2020-08-06,50.13,50.805,49.73,50.1,50.0513,105285.0,0.0,1.0
50,2020-08-05,50.79,52.07,49.27,50.38,50.331,212168.0,0.0,1.0
51,2020-08-04,50.85,51.09,49.16,50.13,50.0813,240625.0,0.0,1.0
52,2020-08-03,48.46,51.565,47.88,51.21,51.1602,301988.0,0.0,1.0
53,2020-07-31,46.99,48.58,44.935,46.88,46.8344,220359.0,0.0,1.0
54,2020-07-30,48.58,48.78,47.18,47.68,47.6337,195026.0,0.0,1.0
55,2020-07-29,47.15,49.71,47.15,49.63,49.5818,232468.0,0.0,1.0
56,2020-07-28,47.55,48.34,46.94,47.04,46.9943,127362.0,0.0,1.0
57,2020-07-27,46.71,48.18,46.71,48.1,48.0532,93488.0,0.0,1.0
58,2020-07-24,47.55,47.69,46.63,46.86,46.8145,87383.0,0.0,1.0
59,2020-07-23,47.35,48.3,47.0,47.71,47.6636,115956.0,0.0,1.0
60,2020-07-22,47.67,48.51,47.465,47.79,47.7435,136868.0,0.0,1.0
61,2020-07-21,48.28,48.99,48.13,48.32,48.273,136800.0,0.0,1.0
62,2020-07-20,48.43,48.71,47.24,47.46,47.4139,85400.0,0.0,1.0
63,2020-07-17,48.43,49.57,48.43,48.93,48.8824,93300.0,0.0,1.0
64,2020-07-16,48.78,49.08,47.79,48.43,48.3829,105700.0,0.0,1.0
65,2020-07-15,48.89,49.42,48.1,49.14,49.0922,237200.0,0.0,1.0
66,2020-07-14,45.36,47.47,45.25,47.35,47.304,146400.0,0.0,1.0
67,2020-07-13,45.96,46.26,44.85,45.45,45.4058,177300.0,0.0,1.0
68,2020-07-10,43.15,45.13,43.15,45.11,45.0662,131700.0,0.0,1.0
69,2020-07-09,44.11,44.11,42.06,43.11,43.0681,165100.0,0.0,1.0
70,2020-07-08,44.85,45.99,43.62,44.47,44.4268,83900.0,0.0,1.0
71,2020-07-07,45.61,46.08,44.93,45.18,45.1361,169500.0,0.0,1.0
72,2020-07-06,47.38,47.8,45.54,46.26,46.215,106100.0,0.0,1.0
73,2020-07-02,46.03,47.29,45.67,46.06,46.0152,171800.0,0.0,1.0
74,2020-07-01,46.92,47.19,44.74,44.99,44.9463,147100.0,0.0,1.0
75,2020-06-30,45.73,47.19,45.19,46.93,46.8844,240300.0,0.0,1.0
76,2020-06-29,44.16,46.675,43.72,46.13,46.0852,213989.0,0.0,1.0
77,2020-06-26,43.53,43.69,42.12,43.2,43.158,372300.0,0.0,1.0
78,2020-06-25,43.01,44.11,42.51,44.03,43.9872,159600.0,0.0,1.0
79,2020-06-24,44.58,45.49,42.51,43.15,43.1081,171500.0,0.0,1.0
80,2020-06-23,46.77,46.77,44.8,45.39,45.3459,168300.0,0.0,1.0
81,2020-06-22,44.96,45.9,44.14,45.73,45.6856,133200.0,0.0,1.0
82,2020-06-19,46.83,47.35,44.85,45.22,45.176,470500.0,0.0,1.0
83,2020-06-18,45.84,46.88,45.25,45.93,45.8854,200600.0,0.0,1.0
84,2020-06-17,48.51,48.92,46.15,46.48,46.4348,308800.0,0.0,1.0
85,2020-06-16,50.65,50.92,47.91,48.27,48.2231,232700.0,0.0,1.0
86,2020-06-15,45.21,48.63,44.92,48.34,48.293,360400.0,0.0,1.0
87,2020-06-12,48.44,49.14,45.46,47.53,47.4838,212400.0,0.0,1.0
88,2020-06-11,48.82,49.26,45.7,46.04,45.9952,198800.0,0.0,1.0
89,2020-06-10,54.14,54.31,50.73,51.17,51.1203,264500.0,0.0,1.0
90,2020-06-09,54.04,54.89,53.25,53.86,53.8076,144100.0,0.0,1.0
91,2020-06-08,55.61,56.14,54.83,55.42,55.3661,106300.0,0.0,1.0
92,2020-06-05,53.31,55.61,52.61,54.72,54.6668,243200.0,0.0,1.0
93,2020-06-04,51.12,51.53,50.16,51.18,51.1303,278000.0,0.0,1.0
94,2020-06-03,51.09,52.88,51.09,52.2,52.1493,215900.0,0.0,1.0
95,2020-06-02,50.46,51.2,49.8,50.01,49.9614,228400.0,0.0,1.0
96,2020-06-01,49.4,50.79,49.25,49.86,49.8115,196800.0,0.0,1.0
97,2020-05-29,49.87,50.51,48.84,49.31,49.2621,178100.0,0.0,1.0
98,2020-05-28,53.88,53.88,50.28,50.74,50.6907,142200.0,0.0,1.0
99,2020-05-27,51.82,53.35,50.65,52.9,52.8486,185900.0,0.05,1.0
100,2020-05-26,49.62,51.0,49.37,50.27,50.1737,160600.0,0.0,1.0
101,2020-05-22,48.58,48.61,46.54,47.17,47.0797,183300.0,0.0,1.0
102,2020-05-21,47.01,48.59,46.35,48.17,48.0777,329900.0,0.0,1.0
103,2020-05-20,45.37,46.49,44.85,46.41,46.3211,246000.0,0.0,1.0
104,2020-05-19,44.56,45.47,43.89,44.0,43.9157,154900.0,0.0,1.0
105,2020-05-18,43.78,45.45,43.71,45.13,45.0436,192000.0,0.0,1.0
106,2020-05-15,41.01,42.02,40.81,41.4,41.3207,124600.0,0.0,1.0
107,2020-05-14,40.79,41.92,39.43,41.1,41.0213,144200.0,0.0,1.0
108,2020-05-13,42.5,42.82,41.6,42.21,42.1292,197100.0,0.0,1.0
109,2020-05-12,43.59,44.55,42.83,43.34,43.257,323700.0,0.0,1.0
110,2020-05-11,43.7,43.7,41.95,43.49,43.4067,179600.0,0.0,1.0
111,2020-05-08,42.66,44.79,42.66,44.76,44.6743,124500.0,0.0,1.0
112,2020-05-07,42.23,42.69,40.93,41.33,41.2508,115800.0,0.0,1.0
113,2020-05-06,42.71,42.71,41.0,41.14,41.0612,125100.0,0.0,1.0
114,2020-05-05,42.99,43.9,42.37,42.44,42.3587,250500.0,0.0,1.0
115,2020-05-04,43.83,43.83,41.2,42.26,42.1791,204300.0,0.0,1.0
116,2020-05-01,43.89,45.38,41.38,42.4,42.3188,226500.0,0.0,1.0
117,2020-04-30,45.11,45.94,43.71,44.04,43.9556,281200.0,0.0,1.0
118,2020-04-29,44.66,47.38,44.37,46.69,46.6006,157500.0,0.0,1.0
119,2020-04-28,43.23,43.66,41.96,43.08,42.9975,149700.0,0.0,1.0
120,2020-04-27,39.9,42.22,39.81,41.85,41.7698,134600.0,0.0,1.0
121,2020-04-24,38.7,39.76,38.15,39.55,39.4742,125200.0,0.0,1.0
122,2020-04-23,36.97,38.71,36.97,38.17,38.0969,137700.0,0.0,1.0
123,2020-04-22,37.29,37.63,36.5,36.66,36.5898,107600.0,0.0,1.0
124,2020-04-21,35.19,36.47,34.92,36.2,36.1307,132100.0,0.0,1.0
125,2020-04-20,37.12,38.1,36.4,36.77,36.6996,95200.0,0.0,1.0
126,2020-04-17,37.25,39.04,37.25,38.37,38.2965,144400.0,0.0,1.0
127,2020-04-16,36.98,36.98,34.41,35.56,35.4919,167400.0,0.0,1.0
128,2020-04-15,37.46,37.69,36.08,37.01,36.9391,186900.0,0.0,1.0
129,2020-04-14,40.27,40.33,38.45,39.6,39.5242,186600.0,0.0,1.0
130,2020-04-13,38.98,39.17,37.89,38.94,38.8654,153900.0,0.0,1.0
131,2020-04-09,37.29,40.63,37.2,39.6,39.5242,283300.0,0.0,1.0
132,2020-04-08,35.24,36.41,34.49,35.7,35.6316,313600.0,0.0,1.0
133,2020-04-07,36.93,38.35,34.27,34.81,34.7433,345100.0,0.0,1.0
134,2020-04-06,33.52,35.99,33.52,35.99,35.9211,178600.0,0.0,1.0
135,2020-04-03,33.0,34.23,31.3,31.91,31.8489,149700.0,0.0,1.0
136,2020-04-02,32.36,34.84,32.36,33.85,33.7852,192900.0,0.0,1.0
137,2020-04-01,34.26,35.0,31.86,32.72,32.6573,383200.0,0.0,1.0
138,2020-03-31,34.62,36.53,34.02,36.26,36.1905,430200.0,0.0,1.0
139,2020-03-30,32.74,34.41,31.69,34.41,34.3441,226000.0,0.0,1.0
140,2020-03-27,32.05,33.65,31.5,32.48,32.4178,158400.0,0.0,1.0
141,2020-03-26,33.28,34.24,32.14,33.63,33.5656,236600.0,0.0,1.0
142,2020-03-25,33.32,34.92,31.45,32.69,32.6274,215700.0,0.0,1.0
143,2020-03-24,32.02,33.56,31.3,33.48,33.4159,188400.0,0.0,1.0
144,2020-03-23,30.51,31.23,28.77,30.32,30.2619,215900.0,0.0,1.0
145,2020-03-20,31.36,33.32,29.38,30.38,30.3218,491300.0,0.0,1.0
146,2020-03-19,28.91,33.17,27.28,32.61,32.5475,237100.0,0.0,1.0
147,2020-03-18,32.41,34.57,27.35,28.9,28.8446,278800.0,0.0,1.0
148,2020-03-17,32.31,35.34,31.05,35.03,34.9629,386400.0,0.0,1.0
149,2020-03-16,31.5,33.86,30.56,31.63,31.5694,313800.0,0.0,1.0
150,2020-03-13,34.39,35.78,31.55,35.78,35.7115,390600.0,0.0,1.0
151,2020-03-12,32.34,34.39,31.24,32.44,32.3779,339500.0,0.0,1.0
152,2020-03-11,37.32,37.86,34.93,35.79,35.7214,296900.0,0.0,1.0
153,2020-03-10,38.44,39.03,36.17,38.76,38.6858,275900.0,0.0,1.0
154,2020-03-09,38.49,39.4,36.57,36.85,36.7794,383200.0,0.0,1.0
155,2020-03-06,41.56,43.83,41.22,42.33,42.2489,485800.0,0.0,1.0
156,2020-03-05,43.39,44.03,42.24,43.65,43.5664,347500.0,0.0,1.0
157,2020-03-04,44.9,45.11,44.0,44.95,44.8639,263900.0,0.0,1.0
158,2020-03-03,45.08,46.25,43.09,43.82,43.7361,338300.0,0.0,1.0
159,2020-03-02,45.52,45.58,44.09,45.02,44.9338,490300.0,0.0,1.0
160,2020-02-28,43.88,45.84,43.88,44.87,44.7841,402500.0,0.0,1.0
161,2020-02-27,47.1,48.98,46.08,46.13,46.0416,366100.0,0.0,1.0
162,2020-02-26,49.91,50.22,48.26,49.06,48.966,167500.0,0.0,1.0
163,2020-02-25,51.72,51.96,49.26,49.42,49.3253,173000.0,0.0,1.0
164,2020-02-24,52.5,53.71,51.74,51.83,51.7307,151400.0,0.0,1.0
165,2020-02-21,55.7,56.29,54.96,55.33,55.224,113200.0,0.0,1.0
166,2020-02-20,54.91,56.6,54.91,55.82,55.7131,85200.0,0.0,1.0
167,2020-02-19,55.27,55.84,55.0,55.39,55.2839,120500.0,0.0,1.0
168,2020-02-18,55.21,55.59,54.45,55.13,55.0244,112400.0,0.0,1.0
169,2020-02-14,56.31,56.58,55.28,55.44,55.3338,76600.0,0.0,1.0
170,2020-02-13,56.47,56.72,55.9,56.41,56.302,78200.0,0.05,1.0
171,2020-02-12,56.6,57.51,56.49,56.97,56.8105,90200.0,0.0,1.0
172,2020-02-11,56.45,57.4,55.79,55.82,55.6637,127700.0,0.0,1.0
173,2020-02-10,55.49,56.06,55.42,55.86,55.7036,83500.0,0.0,1.0
174,2020-02-07,56.61,56.61,55.59,55.65,55.4942,85000.0,0.0,1.0
175,2020-02-06,57.93,58.42,56.81,57.1,56.9402,102100.0,0.0,1.0
176,2020-02-05,56.53,57.87,55.72,57.83,57.6681,195201.0,0.0,1.0
177,2020-02-04,56.37,56.71,55.51,55.56,55.4045,157600.0,0.0,1.0
178,2020-02-03,54.49,55.59,54.49,55.38,55.225,193800.0,0.0,1.0
179,2020-01-31,57.06,58.36,53.99,54.13,53.9785,284200.0,0.0,1.0
180,2020-01-30,54.64,55.34,53.87,55.17,55.0156,79672.0,0.0,1.0
181,2020-01-29,55.98,56.5,55.4,55.43,55.2748,74600.0,0.0,1.0
182,2020-01-28,55.51,56.3,55.43,55.87,55.7136,108500.0,0.0,1.0
183,2020-01-27,54.59,55.62,54.15,55.05,54.8959,133100.0,0.0,1.0
184,2020-01-24,57.62,57.62,55.69,56.05,55.8931,107200.0,0.0,1.0
185,2020-01-23,57.0,57.64,55.85,57.32,57.1595,133600.0,0.0,1.0
186,2020-01-22,57.24,57.69,57.08,57.53,57.369,105500.0,0.0,1.0
187,2020-01-21,58.4,58.41,57.13,57.22,57.0598,126000.0,0.0,1.0
188,2020-01-17,59.13,59.18,58.55,58.87,58.7052,147500.0,0.0,1.0
189,2020-01-16,58.0,58.97,58.0,58.91,58.7451,131700.0,0.0,1.0
190,2020-01-15,56.84,57.87,56.84,57.56,57.3989,207100.0,0.0,1.0
191,2020-01-14,56.7,57.71,56.52,57.16,57.0,82800.0,0.0,1.0
192,2020-01-13,55.73,57.03,55.43,57.01,56.8504,108900.0,0.0,1.0
193,2020-01-10,55.97,56.09,55.35,55.58,55.4244,128800.0,0.0,1.0
194,2020-01-09,56.64,56.75,55.69,55.83,55.6737,188200.0,0.0,1.0
195,2020-01-08,55.68,56.34,55.29,56.13,55.9729,164700.0,0.0,1.0
196,2020-01-07,55.62,56.34,55.48,55.68,55.5241,117300.0,0.0,1.0
197,2020-01-06,56.06,56.71,55.68,56.02,55.8632,151200.0,0.0,1.0
198,2020-01-03,56.12,57.04,56.1,56.71,56.5513,138300.0,0.0,1.0
199,2020-01-02,58.28,58.42,56.62,57.44,57.2792,142700.0,0.0,1.0
