,date,1. open,2. high,3. low,4. close,5. adjusted close,6. volume,7. dividend amount,8. split coefficient
11,2020-09-30,156.06,157.03,154.59,155.81,155.81,507232.0,0.0,1.0
12,2020-09-29,156.4,157.52,156.13,156.57,156.57,488213.0,0.0,1.0
13,2020-09-28,155.93,157.64,155.5,157.08,157.08,777132.0,0.0,1.0
14,2020-09-25,149.93,153.04,149.43,152.06,152.06,632183.0,0.0,1.0
15,2020-09-24,152.86,155.01,151.75,153.34,153.34,513650.0,0.0,1.0
16,2020-09-23,155.3,155.64,151.8301,152.11,152.11,449454.0,0.0,1.0
17,2020-09-22,156.37,157.325,154.97,157.23,157.23,361541.0,0.0,1.0
18,2020-09-21,155.66,156.17,153.17,155.88,155.88,600110.0,0.0,1.0
19,2020-09-18,162.11,162.17,159.25,160.15,160.15,713217.0,0.0,1.0
20,2020-09-17,159.34,161.03,158.97,160.43,160.43,593140.0,0.0,1.0
21,2020-09-16,161.34,161.69,158.86,158.97,158.97,567629.0,0.0,1.0
22,2020-09-15,160.72,161.34,159.8,160.67,160.67,566536.0,0.0,1.0
23,2020-09-14,160.91,161.625,159.84,160.7,160.7,389070.0,0.0,1.0
24,2020-09-11,160.47,160.81,158.2935,159.57,159.57,385844.0,0.0,1.0
25,2020-09-10,162.46,163.115,158.52,159.0,159.0,503869.0,0.0,1.0
26,2020-09-09,160.83,163.68,159.82,162.45,162.45,994718.0,0.0,1.0
27,2020-09-08,155.72,158.47,154.67,154.69,154.69,985436.0,0.0,1.0
28,2020-09-04,160.43,161.3,153.94,159.43,159.43,702491.0,0.0,1.0
29,2020-09-03,167.49,167.6,160.72,161.92,161.92,480522.0,0.0,1.0
30,2020-09-02,167.66,169.3,166.29,169.02,169.02,503077.0,0.0,1.0
31,2020-09-01,165.68,166.46,164.68,166.36,166.36,537873.0,0.0,1.0
32,2020-08-31,165.48,166.69,164.2,165.41,165.41,405710.0,0.0,1.0
33,2020-08-28,166.3,166.99,165.37,166.72,166.72,292787.0,0.0,1.0
34,2020-08-27,168.09,168.15,164.6,165.85,165.85,471532.0,0.0,1.0
35,2020-08-26,166.01,168.65,166.01,168.46,168.46,401890.0,0.0,1.0
36,2020-08-25,165.82,165.84,163.9,165.58,165.58,339904.0,0.0,1.0
37,2020-08-24,164.49,164.55,162.85,163.89,163.89,446086.0,0.0,1.0
38,2020-08-21,159.21,160.53,159.13,160.31,160.31,390337.0,0.0,1.0
39,2020-08-20,160.87,163.63,160.76,162.98,162.98,430519.0,0.0,1.0
40,2020-08-19,163.91,164.15,160.9,161.31,161.31,554661.0,0.0,1.0
41,2020-08-18,162.99,163.14,160.74,161.78,161.78,641723.0,0.0,1.0
42,2020-08-17,161.07,161.63,159.73,160.48,160.48,310743.0,0.0,1.0
43,2020-08-14,160.45,160.953,159.35,160.09,160.09,274499.0,0.0,1.0
44,2020-08-13,161.12,162.5,160.01,160.85,160.85,399871.0,0.0,1.0
45,2020-08-12,160.31,163.15,160.31,162.61,162.61,315392.0,0.0,1.0
46,2020-08-11,161.94,162.0828,158.91,159.15,159.15,502306.0,0.0,1.0
47,2020-08-10,159.62,159.72,157.94,159.64,159.64,378828.0,0.0,1.0
48,2020-08-07,161.28,161.85,160.01,161.17,161.17,370900.0,0.0,1.0
49,2020-08-06,160.63,162.22,160.05,161.98,161.98,446420.0,0.0,1.0
50,2020-08-05,162.07,162.97,161.04,161.64,161.64,338660.0,0.0,1.0
51,2020-08-04,158.65,160.27,158.64,160.26,160.26,466357.0,0.0,1.0
52,2020-08-03,160.78,162.39,160.42,162.15,162.15,443752.0,0.0,1.0
53,2020-07-31,160.67,160.76,156.92,159.22,159.22,695767.0,0.0,1.0
54,2020-07-30,158.16,160.55,156.3,160.17,160.17,790278.0,0.0,1.0
55,2020-07-29,163.84,165.43,163.58,164.66,164.66,459301.0,0.0,1.0
56,2020-07-28,161.82,162.14,160.21,160.36,160.36,596103.0,0.0,1.0
57,2020-07-27,162.28,165.385,162.08,164.87,164.87,1168717.0,0.0,1.0
58,2020-07-24,157.46,159.03,156.99,158.62,158.62,890622.0,0.0,1.0
59,2020-07-23,163.67,164.63,160.79,161.27,161.27,682682.0,0.0,1.0
60,2020-07-22,164.86,165.28,163.595,164.47,164.47,701877.0,0.0,1.0
61,2020-07-21,163.0,163.94,161.77,162.51,162.51,718276.0,0.0,1.0
62,2020-07-20,157.69,159.9,157.43,159.77,159.77,491638.0,0.0,1.0
63,2020-07-17,155.48,156.59,154.66,156.28,156.28,456800.0,0.0,1.0
64,2020-07-16,155.55,156.58,154.52,155.12,155.12,476100.0,0.0,1.0
65,2020-07-15,155.52,157.23,154.67,156.61,156.61,944200.0,0.0,1.0
66,2020-07-14,151.29,153.94,151.06,153.85,153.85,796300.0,0.0,1.0
67,2020-07-13,155.62,156.29,150.43,150.93,150.93,989100.0,0.0,1.0
68,2020-07-10,152.71,153.5,151.33,153.49,153.49,739100.0,0.0,1.0
69,2020-07-09,155.43,155.6,151.28,152.67,152.67,1718400.0,0.0,1.0
70,2020-07-08,145.2,147.2,144.91,146.95,146.95,431400.0,0.0,1.0
71,2020-07-07,145.04,145.71,143.92,144.06,144.06,670200.0,0.0,1.0
72,2020-07-06,147.21,147.91,146.43,147.56,147.56,695300.0,0.0,1.0
73,2020-07-02,142.64,143.62,142.4,142.85,142.85,536500.0,0.0,1.0
74,2020-07-01,138.62,140.78,138.4,140.08,140.08,472000.0,0.0,1.0
75,2020-06-30,138.22,140.43,137.88,140.0,140.0,463800.0,0.0,1.0
76,2020-06-29,138.08,138.8,136.76,138.43,138.43,626600.0,0.0,1.0
77,2020-06-26,138.61,138.82,135.96,136.78,136.78,450282.0,0.0,1.0
78,2020-06-25,134.85,137.98,134.09,137.66,137.66,929746.0,0.0,1.0
79,2020-06-24,138.54,139.36,134.92,135.85,135.85,857987.0,0.0,1.0
80,2020-06-23,142.6,143.05,140.71,141.07,141.07,1356919.0,0.0,1.0
81,2020-06-22,139.23,140.99,138.56,140.98,140.98,1634993.0,0.0,1.0
82,2020-06-19,138.94,139.55,135.98,137.03,137.03,1036107.0,0.0,1.0
83,2020-06-18,134.94,135.6,133.75,135.14,135.14,446917.0,0.0,1.0
84,2020-06-17,135.13,135.74,133.91,134.52,134.52,648097.0,0.0,1.0
85,2020-06-16,133.54,134.86,131.905,133.53,133.53,709082.0,0.0,1.0
86,2020-06-15,127.97,131.385,127.535,130.42,130.42,795683.0,0.0,1.0
87,2020-06-12,131.93,132.42,127.64,130.14,130.14,1082098.0,0.0,1.0
88,2020-06-11,135.6,135.66,129.3733,129.5,129.5,1119067.0,0.0,1.0
89,2020-06-10,137.59,137.865,136.11,136.58,136.58,596497.0,0.0,1.0
90,2020-06-09,137.38,137.92,136.24,136.74,136.74,663955.0,0.0,1.0
91,2020-06-08,135.65,136.68,134.72,136.61,136.61,565476.0,0.0,1.0
92,2020-06-05,135.81,137.1,135.3291,135.82,135.82,778732.0,0.0,1.0
93,2020-06-04,133.7,135.49,133.57,134.34,134.34,842366.0,0.0,1.0
94,2020-06-03,131.63,133.99,131.26,133.56,133.56,774398.0,0.0,1.0
95,2020-06-02,129.35,130.48,128.79,130.46,130.46,721408.0,0.0,1.0
96,2020-06-01,127.66,128.51,127.18,128.51,128.51,664632.0,0.0,1.0
97,2020-05-29,127.27,128.135,124.91,128.1,128.1,1773253.0,0.0,1.0
98,2020-05-28,123.26,125.21,123.24,123.63,123.63,778668.0,0.0,1.0
99,2020-05-27,123.59,123.69,121.57,122.98,122.98,860264.0,0.0,1.0
100,2020-05-26,123.52,123.56,121.07,121.47,121.47,957555.0,0.0,1.0
101,2020-05-22,115.62,116.62,115.18,116.07,116.07,802647.0,0.0,1.0
102,2020-05-21,118.71,118.95,116.14,116.19,116.19,948226.0,1.7119,1.0
103,2020-05-20,120.13,121.19,119.43,120.3,118.5533,865133.0,0.0,1.0
104,2020-05-19,117.5,118.55,117.19,117.23,115.5279,742109.0,0.0,1.0
105,2020-05-18,116.41,117.93,115.99,117.48,115.7742,621535.0,0.0,1.0
106,2020-05-15,112.32,113.38,111.965,113.21,111.5662,749518.0,0.0,1.0
107,2020-05-14,110.6,113.2,109.82,113.13,111.4874,653159.0,0.0,1.0
108,2020-05-13,116.42,116.49,112.91,114.08,112.4236,696023.0,0.0,1.0
109,2020-05-12,116.23,116.46,114.33,114.42,112.7587,652571.0,0.0,1.0
110,2020-05-11,114.88,116.1899,114.725,115.28,113.6062,408233.0,0.0,1.0
111,2020-05-08,116.19,117.07,115.84,116.75,115.0548,476209.0,0.0,1.0
112,2020-05-07,117.03,117.1,115.01,115.22,113.547,801887.0,0.0,1.0
113,2020-05-06,114.7,115.23,113.02,113.15,111.5071,1047904.0,0.0,1.0
114,2020-05-05,116.43,118.21,116.2,116.57,114.8774,757707.0,0.0,1.0
115,2020-05-04,115.95,117.22,115.45,117.19,115.4884,552346.0,0.0,1.0
116,2020-05-01,116.86,117.85,116.075,116.97,115.2716,654315.0,0.0,1.0
117,2020-04-30,120.22,120.22,117.5594,118.54,116.8188,651550.0,0.0,1.0
118,2020-04-29,117.89,119.69,117.74,119.15,117.42,571837.0,0.0,1.0
119,2020-04-28,119.23,119.245,116.74,116.86,115.1632,693497.0,0.0,1.0
120,2020-04-27,116.44,117.42,116.1,116.86,115.1632,657324.0,0.0,1.0
121,2020-04-24,116.25,116.56,114.95,116.49,114.7986,715707.0,0.0,1.0
122,2020-04-23,115.23,118.37,115.12,115.15,113.4781,918227.0,0.0,1.0
123,2020-04-22,117.38,117.62,116.4,117.1,115.3997,996521.0,0.0,1.0
124,2020-04-21,118.93,119.2,114.59,116.0,114.3157,1671526.0,0.0,1.0
125,2020-04-20,121.26,124.14,121.24,122.56,120.7805,919441.0,0.0,1.0
126,2020-04-17,122.97,123.69,121.98,123.41,121.6181,709292.0,0.0,1.0
127,2020-04-16,120.43,120.566,118.22,119.28,117.5481,693338.0,0.0,1.0
128,2020-04-15,117.49,120.05,117.15,118.65,116.9272,1144673.0,0.0,1.0
129,2020-04-14,124.59,126.095,122.8125,123.33,121.5393,1110877.0,0.0,1.0
130,2020-04-13,120.1,122.64,119.965,122.38,120.6031,1060755.0,0.0,1.0
131,2020-04-09,120.08,121.79,119.32,121.41,119.6472,1371805.0,0.0,1.0
132,2020-04-08,114.07,115.7,112.96,115.02,113.3499,1213822.0,0.0,1.0
133,2020-04-07,114.19,114.25,111.55,111.83,110.2063,929407.0,0.0,1.0
134,2020-04-06,108.75,112.09,108.65,112.01,110.3837,1252377.0,0.0,1.0
135,2020-04-03,104.76,105.55,103.83,105.19,103.6627,954298.0,0.0,1.0
136,2020-04-02,103.84,106.0705,103.215,104.99,103.4656,1026711.0,0.0,1.0
137,2020-04-01,107.12,107.94,104.84,105.53,103.9977,1070515.0,0.0,1.0
138,2020-03-31,111.14,113.24,110.21,110.5,108.8956,1138610.0,0.0,1.0
139,2020-03-30,112.09,113.13,110.84,112.9,111.2607,603861.0,0.0,1.0
140,2020-03-27,110.51,112.97,108.805,110.28,108.6788,881297.0,0.0,1.0
141,2020-03-26,109.6,115.33,109.6,115.25,113.5766,1978340.0,0.0,1.0
142,2020-03-25,104.46,108.99,102.5,106.4,104.8551,1012237.0,0.0,1.0
143,2020-03-24,107.02,107.47,103.77,105.97,104.4313,1607950.0,0.0,1.0
144,2020-03-23,97.99,100.99,97.14,98.32,96.8924,1974870.0,0.0,1.0
145,2020-03-20,96.54,99.02,93.795,94.3,92.9308,1372352.0,0.0,1.0
146,2020-03-19,92.5,96.173,90.895,94.13,92.7633,1753760.0,0.0,1.0
147,2020-03-18,95.23,98.06,93.23,96.95,95.5423,1067216.0,0.0,1.0
148,2020-03-17,97.7,102.99,95.34,102.96,101.4651,1561516.0,0.0,1.0
149,2020-03-16,93.43,103.11,93.42,97.49,96.0745,1344490.0,0.0,1.0
150,2020-03-13,107.71,108.55,100.23,108.35,106.7768,1819582.0,0.0,1.0
151,2020-03-12,105.82,107.75,100.68,101.44,99.9671,1746117.0,0.0,1.0
152,2020-03-11,115.31,116.02,111.0,112.62,110.9848,1626592.0,0.0,1.0
153,2020-03-10,117.48,118.57,113.77,117.99,116.2768,1521881.0,0.0,1.0
154,2020-03-09,113.61,116.19,110.55,111.5,109.8811,1571703.0,0.0,1.0
155,2020-03-06,120.27,122.4,119.68,121.49,119.726,1255827.0,0.0,1.0
156,2020-03-05,122.54,123.82,120.22,121.28,119.5191,1395171.0,0.0,1.0
157,2020-03-04,124.98,125.75,123.35,125.66,123.8355,840178.0,0.0,1.0
158,2020-03-03,127.24,129.14,122.96,123.8,122.0025,907025.0,0.0,1.0
159,2020-03-02,124.13,126.65,121.85,126.53,124.6928,931589.0,0.0,1.0
160,2020-02-28,121.22,124.185,120.39,123.57,121.7758,1389912.0,0.0,1.0
161,2020-02-27,125.22,128.27,124.53,124.81,122.9978,1581312.0,0.0,1.0
162,2020-02-26,128.68,129.82,126.7024,126.9,125.0575,802790.0,0.0,1.0
163,2020-02-25,130.92,131.12,127.56,127.78,125.9247,837333.0,0.0,1.0
164,2020-02-24,130.33,131.92,130.24,130.92,129.0191,676491.0,0.0,1.0
165,2020-02-21,137.25,137.46,135.94,136.63,134.6462,379369.0,0.0,1.0
166,2020-02-20,138.85,139.4,137.63,138.43,136.42,523951.0,0.0,1.0
167,2020-02-19,138.49,139.91,138.45,139.7,137.6716,499547.0,0.0,1.0
168,2020-02-18,137.04,138.01,137.005,137.76,135.7598,456992.0,0.0,1.0
169,2020-02-14,137.01,137.87,136.78,137.44,135.4444,289815.0,0.0,1.0
170,2020-02-13,136.28,137.7,136.27,137.45,135.4543,365811.0,0.0,1.0
171,2020-02-12,138.39,138.51,137.61,138.16,136.154,464789.0,0.0,1.0
172,2020-02-11,136.5,137.32,136.19,136.55,134.5673,454118.0,0.0,1.0
173,2020-02-10,134.68,135.37,134.68,135.23,133.2665,381224.0,0.0,1.0
174,2020-02-07,135.95,136.02,134.64,135.06,133.099,511691.0,0.0,1.0
175,2020-02-06,136.09,136.91,135.7,136.49,134.5082,497814.0,0.0,1.0
176,2020-02-05,137.49,137.5,136.31,137.42,135.4247,663685.0,0.0,1.0
177,2020-02-04,134.86,136.08,134.68,135.48,133.5129,418364.0,0.0,1.0
178,2020-02-03,131.82,132.91,131.65,132.64,130.7141,536272.0,0.0,1.0
179,2020-01-31,132.1,132.18,130.19,130.77,128.8713,1023562.0,0.0,1.0
180,2020-01-30,130.37,131.31,130.05,130.97,129.0684,1631497.0,0.0,1.0
181,2020-01-29,131.88,132.4,131.37,131.65,129.7385,1368527.0,0.0,1.0
182,2020-01-28,132.47,132.71,131.03,132.46,130.5367,2188842.0,0.0,1.0
183,2020-01-27,134.87,140.45,134.74,136.25,134.2717,1275138.0,0.0,1.0
184,2020-01-24,139.67,140.1,138.7027,139.06,137.0409,595630.0,0.0,1.0
185,2020-01-23,138.41,138.55,136.69,138.14,136.1343,622115.0,0.0,1.0
186,2020-01-22,140.35,140.67,139.41,139.58,137.5533,473145.0,0.0,1.0
187,2020-01-21,138.9,140.19,138.9,139.54,137.5139,579509.0,0.0,1.0
188,2020-01-17,139.04,139.99,138.75,139.96,137.9278,507490.0,0.0,1.0
189,2020-01-16,136.67,137.33,135.91,137.29,135.2966,1074927.0,0.0,1.0
190,2020-01-15,137.33,137.68,136.19,136.4,134.4195,491726.0,0.0,1.0
191,2020-01-14,137.5,137.93,137.03,137.25,135.2572,342106.0,0.0,1.0
192,2020-01-13,137.65,138.54,137.33,138.33,136.3215,555487.0,0.0,1.0
193,2020-01-10,137.55,138.07,136.79,136.98,134.9911,464042.0,0.0,1.0
194,2020-01-09,136.49,137.29,136.12,137.13,135.1389,457811.0,0.0,1.0
195,2020-01-08,133.9,135.52,133.76,135.08,133.1187,513264.0,0.0,1.0
196,2020-01-07,134.08,134.35,133.44,133.62,131.6799,622384.0,0.0,1.0
197,2020-01-06,133.16,134.22,133.13,134.2,132.2515,442872.0,0.0,1.0
198,2020-01-03,133.3,134.92,133.3,133.98,132.0347,507797.0,0.0,1.0
199,2020-01-02,135.42,137.14,135.4,136.81,134.8236,2967139.0,0.0,1.0
